    0.76250208    -0.15962509    -0.62698517   -0.097335409     0.92975439     -0.3550811     0.63962207     0.33177794     0.69340249
    0.72700309    0.017499048    -0.68641117    -0.19342071     0.96441184    -0.18027266     0.65882846     0.26382492     0.70451506
    0.77926809    -0.33664779      -0.528592    0.086921782     0.89337404    -0.44082586     0.62063342     0.29757537     0.72543991
    0.13453909     0.28971406    -0.94761015     0.38729972     0.86485904     0.31940221     0.91208451    -0.40998123   0.0041511775
     0.1431172     0.22185127    -0.96452034     0.31820002     0.91249565     0.25710004     0.93715858    -0.34370583     0.06000074
      0.913499    -0.36910847    -0.17110968     0.18638786     0.75353847     -0.6304279       0.361634     0.54400249     0.75715397
    0.91783513    -0.30871064    -0.24955242    0.031194097     0.68280273    -0.72993655     0.39573425     0.66217685     0.63633028
    0.58813953    -0.58733249    -0.55599679   -0.013840045      0.6800589    -0.73302684     0.80864105     0.43881708     0.39184082
    0.56292074    -0.44923329    -0.69376487    -0.13883286     0.77606903    -0.61517663     0.81476726     0.44261305     0.37449701
    0.60233372     0.58113537     0.54724379    -0.21176243      0.7773256    -0.59238634    -0.76964327     0.24092859     0.59127206
    0.64789729     0.54290511     0.53430623    -0.30528766      0.8277119    -0.47084229    -0.69787431     0.14194034     0.70201453
    0.91139599    -0.29806256     0.28375352   -0.094800931     0.51890076     0.84956153     -0.4004624    -0.80118707     0.44466746
    0.95150503    -0.24556665      0.1852976   -0.031387119     0.52169614      0.8525538    -0.30602783    -0.81702518     0.48868887
    0.88197363    -0.41108968     0.23049468    0.022896556     0.52585931     0.85026333    -0.47074225     -0.7446323     0.47320658
    0.46922905    -0.25576965     0.84522541     0.30746002     0.94456876     0.11514426    -0.82782392     0.20584399     0.52185804
    0.53151654    -0.25703633     0.80710748      0.3556886     0.93249684     0.06273166    -0.76874949     0.25373602     0.58706239
    0.89964271    -0.21855595     0.37798981     0.43122615     0.30901113     -0.8476769    0.068461771     0.92560543     0.37224665
    0.92177945    -0.27280018     0.27550447     0.35500262     0.30817944    -0.88260896     0.15587106     0.91137561     0.38091825
    0.94758923    -0.20776457      0.2427108     0.28705053     0.22010678    -0.93228483     0.14027346     0.95309333     0.26820974
    0.31844019     0.65980081     0.68063113     0.12736543     0.68171786    -0.72044348    -0.93934759     0.31610704     0.13305055
    0.25606322     0.62066489     0.74108483     0.22674411     0.70669082    -0.67020534    -0.93969077     0.33965155    0.040225418
    0.45787767     0.33289994    -0.82433347     0.53085444     0.64140444      0.5538898     0.71312103    -0.69121485     0.11696336
    0.36788286     0.36045523     -0.8571664     0.52306602     0.68192429     0.51125453     0.76880695     -0.6364364    0.062326379
    0.29410978     0.44426333     0.84624436     0.23150515     0.82592534    -0.51405515    -0.92731052     0.34709858     0.14006347
    0.37066307     0.38897157     0.84339196     0.21388788     0.84791945    -0.48506142    -0.90380356     0.36018567     0.23109612
    0.20331797     0.53141971     0.82234719     0.21658015     0.79467479    -0.56708467    -0.95485855     0.29340258    0.046476705
     0.2783266     0.40433953     0.87123123     0.38567518     0.78368648    -0.48691905    -0.87965275     0.47153479    0.062177074
    0.54643037   -0.028067769    -0.83703408      0.3187235     0.93120459      0.1768427      0.7744864    -0.36341465     0.51778433
    0.53715681    -0.11018315    -0.83625489     0.37251341     0.92049476     0.11799644     0.75676702    -0.37489875     0.53549473
   0.083130224   -0.010879542      0.9964793    -0.23898096     0.97054409    0.030533114    -0.96745928     -0.2406778    0.078081544
   0.068139079  -0.0027934479    -0.99767192     0.26625143     0.96377921    0.015485913     0.96149219    -0.26668678    0.066414787
    0.86073379    -0.31553647    -0.39946723     0.49944995     0.67517792     0.54284852    0.098422951    -0.66676196     0.73874313
    0.83270859    -0.21773912    -0.50910321     0.49934053      0.6926233     0.52051128     0.23928108    -0.68765008     0.68547934
    0.64579306      0.2944659    -0.70444387     0.29261622      0.7567334     0.58457703      0.7052142    -0.58364749     0.40252768
     0.6694906     0.39866696    -0.62677507     0.16138069     0.74556196     0.64660161     0.72507835    -0.53404309     0.43480957
    0.30900133   -0.095488065     0.94625589     -0.1065747     0.98520388      0.1342205    -0.94507143    -0.14232125      0.2942527
    0.30230994    0.028537671      0.9527824   -0.065512882     0.99781023  -0.0090996486    -0.95095571   -0.059668606     0.30351754
    0.15990739    -0.44941178     0.87889629    -0.08605931     0.88061641     0.46594907    -0.98337349    -0.15014591       0.102141
    0.12965012    -0.50623764      0.8525927    -0.17016925     0.83573313     0.52210397    -0.97684864     -0.2127759    0.022206821
      0.365913    -0.27180131      -0.890074    -0.20240222     0.91026662    -0.36117589     0.90837273     0.31231191      0.2780652
    0.36721362    -0.29254992    -0.88293188    -0.15156948     0.91774092    -0.36712165     0.91770412      0.2686376     0.29266533
    0.75506605    0.038188596    -0.65453563     0.36717849     0.80244104     0.47039168     0.54318985    -0.59550819     0.59187396
    0.70226446  -0.0095099729    -0.71185264     0.41052504     0.82232937     0.39400965     0.58163031    -0.56893231     0.58139677
    0.70368488    0.069695528    -0.70708565     0.43566562     0.74381576     0.50688617     0.56126915    -0.66474104     0.49304796
    0.25845502    -0.12689381    -0.95765284    -0.36135794     0.90666614    -0.21766248     0.89589142     0.40231142     0.18847833
    0.19906482   -0.097352506     -0.9751388    -0.37258571     0.91281293    -0.16718987     0.90639566      0.3966044     0.14543679
   0.078655599   -0.044759618    -0.99589652    -0.43164165     0.89896392   -0.074493999     0.89860936     0.43572978     0.05138843
   0.009828227    0.016104754     0.99982201     0.34892178     0.93696879   -0.018522231    -0.93710031     0.34904172   0.0035894424
    0.60005613     0.12417996    -0.79026071     0.14734834     0.95381746     0.26176461     0.78627038    -0.27351706      0.5540463
    0.49022267     0.13434712    -0.86118093     0.18076853     0.95089385     0.25124417     0.85264557       -0.27884     0.44186399
    0.69637188    -0.51771959    -0.49702378    -0.26577276     0.45727397    -0.84868448     0.66665662     0.72309539     0.18083697
    0.76308264    -0.42556193    -0.48641744    -0.22361499     0.53228759    -0.81649633     0.60638372     0.73182441     0.31101739
    0.58638489    0.022789559    -0.80971192     0.42757245     0.84029579     0.33329384     0.68799314    -0.54164898     0.48299257
    0.55299873     0.12024849    -0.82445904     0.35988461     0.85798621     0.36652795     0.75144891    -0.49939961     0.43118971
    0.34458853     0.38790892    -0.85485988    0.077878369     0.89568108     0.43782458     0.93551788    -0.21744442     0.27843172
    0.28781382     0.38822529    -0.87546806      0.1103144     0.89462469      0.4329866     0.95131169    -0.22119626     0.21465851
     0.2384828     0.45952504    -0.85554818    0.048543476     0.87422507     0.48308804     0.96993272    -0.15673947      0.1861807
    0.19114578     0.44202596    -0.87639965   -0.039880956     0.89562266     0.44302321     0.98075114   -0.049730361     0.18882291
    0.43691688     0.39759209    -0.80686069    0.013064571     0.89410875     0.44765931       0.899407     -0.2061312     0.38545684
    0.41602696     0.39937799    -0.81695703   -0.099709425     0.91301192     0.39555943     0.90386924   -0.083105071     0.41965932
    0.37925648     0.40287542    -0.83298014   -0.079668851     0.91111005     0.40439009     0.92185541   -0.087004993     0.37764101
    0.35058278     0.37309474    -0.85900642    -0.17382515     0.92720609     0.33177355     0.92025895    0.033002822     0.38991574
    0.73323981    -0.13098268    -0.66723528     0.60821618     0.56508363     0.55745276     0.30402708    -0.81456985     0.49400759
     0.7913181    -0.15556516    -0.59128263      0.5551798     0.58792454     0.58831974     0.25610751    -0.79381623     0.55160197
     0.7569602     -0.1585704    -0.63392956     0.56579212     0.64441051     0.51440681     0.32694118    -0.74805783     0.57751099
    0.52650284     0.29992929    -0.79551064    -0.13549367     0.95334662     0.26976229     0.83930699   -0.034243955     0.54257822
    0.53700601     0.35033446    -0.76739189    -0.15679574     0.93528663     0.31726017     0.82887854   -0.050046834     0.55718549
    0.52520077     0.41876861    -0.74080834    -0.17550356     0.90512502     0.38723017       0.832684   -0.073359089     0.54886774
    0.52680771     0.47869967    -0.70236761    -0.16324042     0.86792753     0.46909953     0.83416198    -0.13247047     0.53537405
    0.72032885    -0.22531391    -0.65601829     0.56342872     0.74169264     0.36392322     0.40456697    -0.63176394     0.66121093
     0.7441501    -0.24887129    -0.61992234     0.56115209       0.736367     0.37798409     0.36242096    -0.62914762     0.68762222
    0.54231242     0.47867498    -0.69048352     -0.2749039     0.87768919      0.3925424     0.79393015   -0.023064008     0.60757137
    0.59802691     0.41828164    -0.68366973    -0.21405889      0.9053838     0.36668647     0.77236171   -0.072942796     0.63098077
    0.52081019   0.0040323151    -0.85366298    -0.16419731     0.98179012   -0.095537401     0.83773265     0.18992601      0.5119884
    0.50663198    0.065180345    -0.85969504    -0.17322044     0.98450079   -0.027438697     0.84458198     0.16281807     0.51007015
    0.53622959     0.14632766    -0.83129179    -0.23472394     0.97186321    0.019661627     0.81077895     0.18458094     0.55548841
    0.56708363     0.14339275    -0.81108241    0.018138865     0.98231641     0.18634765     0.82346047    -0.12038682     0.55445457
    0.59579879    0.088061789    -0.79829126    -0.00739068     0.99452959     0.10419342     0.80309974   -0.056178398     0.59319036
     0.5509486     0.17825346    -0.81527992   -0.074732141     0.98353553     0.16453863     0.83118635   -0.029724714     0.55519879
    0.52163157     0.19287701      -0.831083     -0.1054711     0.98121705     0.16152076     0.84662645   0.0034009151     0.53217674
    0.50731742    0.070197517    -0.85889542    -0.08404136     0.99595602    0.031759389     0.85765149    0.056070648     0.51116533
    0.51542115     0.11599145    -0.84905066    -0.11126173     0.99146844      0.0679055     0.84968339    0.059466917     0.52392921
    0.55334374   -0.085257181    -0.82857825   -0.068792115     0.98667199    -0.14746532     0.83010743     0.13859867     0.54010375
    0.32541803    -0.14470726    -0.93443187     0.51032784     0.85881612    0.044725523     0.79603304    -0.49142109     0.35332239
    0.33990814    -0.13025232    -0.93139508      0.4312729     0.90167863    0.031294381     0.83574287    -0.41232267      0.3626622
    0.26404672     0.18788185    -0.94603369    -0.39959858     0.91401434    0.069991174     0.87783843     0.35955278     0.31641981
    0.50641894     0.28409809    -0.81414257    -0.31022344     0.94097359     0.13538879     0.80455036     0.18400266     0.56466074
    0.49357707     0.33565841    -0.80231858    -0.35983586     0.91867247     0.16296944     0.79177006     0.20826502      0.5742176
    0.52869913     0.36163114    -0.76791937    -0.33693784     0.91978408     0.20117193     0.77907004     0.15238167     0.60813625
    0.53439341    -0.13772849    -0.83393917     0.54054943     0.81418398      0.2119216     0.64979227    -0.56403485     0.50954361
    0.44522092    -0.10662174    -0.88905013     0.50454356     0.85013031     0.15071251     0.73973923    -0.51566488     0.43229111
    0.45630705     0.24467529    -0.85552199   -0.021244951     0.96417415     0.26441795     0.88956873    -0.10248025     0.44515758
    0.38269607   -0.048984735    -0.92257477     0.60493532     0.76804165     0.21015538     0.69828145     -0.6385237     0.32355912
    0.46796679     0.04476994    -0.88261132     0.50582334     0.80537872     0.30904349     0.72467223    -0.59106749     0.35424481
    0.48449455    -0.23443154    -0.84279706     0.52284216     0.85001418    0.064124619     0.70135662    -0.47171786     0.53439794
    0.04813595    -0.27393307    -0.96054339       -0.25706     0.92586822    -0.27692633     0.96519588      0.2602474   -0.025849689
    0.16319649    -0.12640446     0.97846248    -0.63104993     0.74897792     0.20201008    -0.75838176    -0.65042601    0.042463041
    0.87380752   0.0085725829      0.4861964     0.35584058     0.67017017    -0.65134432    -0.33141803     0.74215797     0.58254926
    0.86639505   -0.057800956     0.49600269     0.40640016     0.65879515    -0.63310967    -0.29016982     0.75009866     0.59426718
     0.7771888   -0.055046959     0.62685516     0.40962992     0.80045619    -0.43757653    -0.47768284     0.59685821     0.64465447
    0.69318364   -0.070113822     0.71734266      0.4934607     0.77159193    -0.40142549    -0.52535034     0.63224199     0.56945332
    0.94055322    0.013028277    -0.33939638     0.31108095     0.36807493     0.87621315     0.13633885    -0.92970485     0.34214122
     0.9073021    0.022703756    -0.41986598     0.39638762     0.28696051     0.87208401     0.14028454    -0.95767333     0.25136039
    0.91676888     0.15058602    -0.36994415     0.31105437     0.31185116      0.8977717     0.25055938     -0.9381219       0.239055
    0.62880469     0.57312273    -0.52548549   -0.072031299     0.71583971     0.69453942      0.7742197    -0.39887824     0.49140614
    0.58522905     0.60152713    -0.54375736    -0.10888783      0.7228119     0.68241219     0.80352374    -0.34015888     0.48850951
    0.56871514     0.55152724    -0.61023012   -0.023718197     0.75257746     0.65807645     0.82219252    -0.35978448     0.44108343
    0.49698792     0.54896452    -0.67204239   0.0075270903     0.77170242     0.63593924     0.86772481    -0.32111264     0.37939468
    0.63803956     0.52936988    -0.55917175    0.024911336     0.71162239     0.70212036     0.76960051    -0.46191028     0.44085592
    0.85154126     -0.4585675    -0.25415218   -0.062088075     0.39314411    -0.91737821     0.52059826     0.79696522     0.30630686
    0.90232478    -0.39665612    -0.16874217    -0.01122793     0.36970116    -0.92908287     0.43091058     0.84022912     0.32913689
    0.85559946     0.51331695    0.066747911   -0.086612437     0.26909477    -0.95921129    -0.51034092     0.81491946     0.27469697
    0.86833516    -0.49597475  -0.0017573227     0.15114737     0.26799479    -0.95149002     0.47238598     0.82594663     0.30767458
    0.85182341     0.50809079     0.12743872   -0.062697032     0.34042559    -0.93817882    -0.52006342     0.79117265     0.32183827
    0.90081315    -0.43115031   -0.051430383    0.088432905     0.29813703    -0.95041777     0.42510622     0.85160068     0.30669363
    0.75950908     0.53510004     0.36988363    0.054971412     0.51378557    -0.85615567    -0.64816981     0.67059103      0.3608096
    0.77439593     0.48447005     0.40693946     0.12624963     0.51192202    -0.84970399     -0.6199774     0.70938327     0.33526616
    0.83740672     0.48871747     0.24475544     0.03834311     0.39416502    -0.91823948     -0.5452337     0.77832459     0.31133749
    0.85098874     0.47132331     0.23167327    0.010604459     0.42561709    -0.90484122    -0.52507686     0.77246646     0.35719722
     0.8080668     0.52587198     0.26549334    0.021715405      0.4237861    -0.90550195    -0.58869049     0.73747136     0.33102795
    0.77672418     0.57295718     0.26157144    0.047357629      0.3609948     -0.9313646    -0.62805796      0.7358008     0.25325949
    0.83140775     0.45477714     0.31927872    0.073502384     0.47953145    -0.87444096    -0.55077995     0.75048474     0.36525896
    0.39153006     0.33283999     0.85785882     0.61086874     0.60319151    -0.51283465    -0.68814504     0.72482932    0.032846063
    0.12397756      0.4974052    -0.85861378     0.20260794     0.83437087      0.5126161     0.97138025    -0.23751486   0.0026650232
    0.42775798     0.28801224     0.85678005     0.56378176     0.65588872    -0.50195628    -0.70652193     0.69775277     0.11818558
    0.40919281     0.27807332     0.86904342     0.60959122     0.62537839    -0.48713491     -0.6789402     0.72909334    0.086389285
    0.20961391     0.23727371     0.94855848    -0.11360042     0.96945032    -0.21739602    -0.97116268   -0.062187414     0.23016466
     0.1931984     0.19503781     0.96157924    -0.16927394     0.97197376    -0.16313599    -0.96644747     -0.1312527     0.22079859
   0.084902637     0.14197188     0.98622286    -0.17646462     0.97629269    -0.12535077    -0.98063846    -0.16339083     0.10794284
    0.17571596    0.030167717     0.98397856     0.33691896     0.93732694   -0.088903413    -0.92499163     0.34714279     0.15453922
    0.20076633   0.0080786318     0.97960585     0.30740163     0.94894038   -0.070826483    -0.93015973     0.31535201     0.18803189
   0.084848869     0.16359748     0.98287157     0.21388476     0.96044377    -0.17832855    -0.97316698     0.22535223    0.046501558
    0.11477873    0.061202626     0.99150395     0.24170498     0.96638464   -0.087632396    -0.96353752     0.24970978    0.096127419
    0.88633285      0.4627154   -0.017565507    -0.08593126      0.1270892    -0.98816201    -0.45500539     0.87734987     0.15240505
    0.89194539     -0.4521279   -0.003712633    0.069352715     0.14492191    -0.98700954     0.44679259     0.88010113     0.16061873
    0.79547182    -0.55970763    -0.23227562   -0.081070914     0.28156121    -0.95611233     0.60054317     0.77939121       0.178598
    0.76827236     -0.5930953    -0.24082265   -0.092692447     0.26917199    -0.95862117     0.63337642     0.75880459     0.15182195
    0.78130218    -0.52463713    -0.33811653    -0.17394395     0.33723572     -0.9252111     0.59942507     0.78168277     0.17222555
    0.77097857     -0.5554671    -0.31152584    -0.15887279     0.30594395    -0.93870003     0.61672642     0.77321058     0.14762762
    0.75174307    -0.58440718    -0.30553331    -0.11615213     0.33872935    -0.93368683     0.64914639     0.73738096     0.18675731
    0.69725025    -0.64312224    -0.31660049    -0.15794535     0.29297909    -0.94298278     0.69921052     0.70750055     0.10270158
    0.93740704     0.34116468   -0.069819121     -0.1129664     0.10826549    -0.98768273    -0.32940346     0.93374796     0.14002898
    0.92986858     0.34439638      -0.129366    -0.17493977     0.10459061    -0.97900811    -0.32363638     0.93298014     0.15750415
    0.83813215    -0.50782847     -0.1991099    -0.11438684     0.19327791    -0.97445333     0.53333869     0.83949622     0.10390353
     0.8004286    -0.57965891    -0.15267485   -0.069120388     0.16374799    -0.98407772     0.59542962      0.7982369    0.091002328
    0.92016805     0.39027961    -0.03118644     -0.1216736     0.20934153    -0.97024309    -0.37213748     0.89658126     0.24011611
    0.91499211     0.40291999    0.021093008    0.008100315    0.033923486    -0.99939161     -0.4033904      0.9146063    0.027775944
    0.91776998     0.39641661   -0.023497409   -0.034641039    0.020973823    -0.99917971     -0.3955986     0.91783112    0.032981428
    0.91548598    -0.40076268    0.035702921    0.048864114     0.19882344      0.9788164    -0.39937166    -0.89434809     0.20160298
     0.9216119    -0.38762002    0.019550861    0.040078885     0.14515529      0.9885968    -0.38603782    -0.91031899     0.14931222
    0.86940478    -0.48974676    0.065447955   -0.016750186     0.10316922     0.99452277    -0.49381652    -0.86573912     0.08149246
     0.8780912    -0.47403582    0.065160424    0.018230614     0.16922312     0.98540914    -0.47814589    -0.86409118     0.15723529
    0.93814625    -0.34206859   -0.053578936    0.077020749    0.055308215     0.99549425    -0.33756396    -0.93804589    0.078233573
    0.63116563    -0.28400025     0.72178515    -0.40756374     0.67031092     0.62014117    -0.65994072    -0.68558525       0.307329
    0.63736417    -0.27424552     0.72010854    -0.44793211     0.62854473     0.63583673    -0.62699581    -0.72781928     0.27776852
    0.67610789    -0.18503998     0.71318884    -0.42075406     0.69763976     0.57988343     -0.6048505    -0.69214087     0.39382343
    0.63772505    -0.17285557     0.75061822    -0.48379348     0.66840853     0.56495479     -0.5993752    -0.72343002     0.34263447
    0.71497689   -0.087110747     0.69370005    -0.46211411     0.68568614     0.56239227    -0.52465092    -0.72266606     0.44999464
    0.66748616   -0.064624738     0.74181256    -0.51431369     0.68039618       0.522056    -0.53846416    -0.72998951     0.42091764
    0.74531489    -0.11955172     0.65590632    -0.38584889     0.72495302     0.57058195    -0.54371532    -0.67834395     0.49418938
    0.23459926     0.10797651    -0.96607674    -0.13212133     0.98813159    0.078357579     0.96307172     0.10925672     0.24608094
    0.22760113    0.080671418    -0.97040705    -0.16922888     0.98467436    0.042166217     0.95893655     0.15462382     0.23776493
    0.32713227     0.19920346    -0.92374372    -0.15874209     0.97522193      0.1540881     0.93155001    0.096229817     0.35064853
    0.33851005      0.1677557    -0.92588821    -0.16826461     0.97891122     0.11584409     0.92579586     0.11657983     0.35959863
    0.35578722     0.21580416    -0.90930964    -0.21407846     0.96592278     0.14547714     0.90971746      0.1429047       0.389862
     0.6041643     0.54021416    -0.58579361     0.37411148     0.45678429     0.80708656     0.70358091      -0.706765    0.073872442
    0.59445424     0.54813789    -0.58836129     0.34687999     0.48530003     0.80259464     0.72546429    -0.68119654    0.098350597
    0.57810575     0.52624552    -0.62358592     0.38245955     0.50032307     0.77678924     0.72077628    -0.68756271    0.087972019
    0.76139518     0.04586788    -0.64666337     0.51985046     0.55278744     0.65129222     0.38734078    -0.83205901     0.39704525
    0.73509769    0.064659265    -0.67487078     0.54791128     0.52959784     0.64754873     0.39928013    -0.84578089     0.35387861
    0.74593394     0.14057327    -0.65101591     0.47509524     0.57272764     0.66803261     0.46676233    -0.80760276     0.36043129
    0.67305833     0.39158611    -0.62741757     0.36838493     0.55810768     0.74351084     0.64131508    -0.73155734      0.2313846
    0.63338511     0.46529555    -0.61832302     0.32264168     0.56748307     0.75753898     0.70336736    -0.67931069     0.20931158
    0.76236584      0.4113858    -0.49955986      0.1688699     0.61873563     0.76723476     0.62472497     -0.6692742     0.40223223
    0.74202266     0.41235765    -0.52854853     0.19819931     0.61824483     0.76058554     0.64040566    -0.66912966     0.37702267
    0.80318804     0.39034071    -0.45002567     0.16437541     0.58088532     0.79721576     0.57259907    -0.71428731     0.40239773
    0.50632213     0.21257699     0.83573257     0.63829577     0.55926584    -0.52896146    -0.57984171     0.80126946     0.14748168
    0.47321575      0.1574696     0.86675843     0.65133118     0.59993288    -0.46459469    -0.59315642     0.78440032     0.18133282
     0.5153986     0.18485972     0.83677426      0.5868488     0.63542612    -0.50183875      -0.624478     0.74970696     0.21901303
    0.56332476     0.15723647     0.81113618     0.68066116     0.46819135    -0.56346894    -0.46836481      0.8695249     0.15671902
     0.5646688      0.1801945     0.80540616     0.65043479     0.50353155    -0.56867439    -0.50801941     0.84497687     0.16712379
    0.61535558     0.13884776     0.77592449     0.60220187     0.55234903    -0.57642298    -0.50861618     0.82196827     0.25627668
    0.66011537     0.14416876     0.73719947     0.57587288     0.53301116    -0.61989477      -0.482305     0.83373526     0.26882598
    0.61161332     0.22597753      0.7581974     0.55005804     0.56735911    -0.61281302    -0.56865218     0.79185718     0.22270363
    0.67204424     0.26048831     0.69318279     0.48418629       0.553689    -0.67748958     -0.5602858     0.79093257     0.24597863
    0.61833922    0.053072039     0.78411732     0.60493841     0.60477327    -0.51797568    -0.50170322     0.79462736     0.34184972
    0.73333273     0.11303154     0.67040807     0.54358497     0.49477038    -0.67802482    -0.40833624     0.86164154     0.30138907
    0.70400744     0.12240184     0.69956509     0.50586429      0.6049539    -0.61492447    -0.49847251      0.7867964     0.36397333
    0.87914073     0.44737633     0.16421324    0.069890259     0.21981871    -0.97303396    -0.47140951      0.8669107     0.16198433
    0.83604118     0.50532433     0.21373456     0.12434766     0.20490711    -0.97085052    -0.53439012     0.83824841     0.10847489
    0.82717835     0.53466875     0.17293154     0.13317029     0.11245979    -0.98469207    -0.54593192      0.8375453    0.021822311
    0.91836194     0.36472408     0.15358287    0.067788942     0.23737079    -0.96905096    -0.38989231     0.90035074     0.19326804
    0.94175506     0.32522623    0.085587992  -0.0074811392     0.27469624    -0.96150195    -0.33621635     0.90485904     0.26112964
    0.78131235    0.055242513    -0.62169066     0.58655443     0.27544954     0.76163079      0.2133188    -0.95972695     0.18280938
    0.78658981    0.078424341    -0.61247538     0.55874435     0.33180929     0.76007062     0.26283305    -0.94008096     0.21717865
    0.91245902     0.30849406     0.26879351      0.2188069     0.18721593    -0.95763967    -0.34574857     0.93262083     0.10332623
    0.93103856     0.23202511     0.28165857     0.24535778     0.17331129    -0.95381484     -0.2701236     0.95714552     0.10443033
    0.84871508     0.30968394     0.42869402     0.40425751     0.14272665    -0.90344063    -0.34096712     0.94006647  -0.0040577937
    0.88099491     0.28824612     0.37518282     0.33985597     0.16614299    -0.92568592    -0.32915937      0.9430327    0.048408968
    0.89240949     0.33066787     0.30702452     0.28376167     0.11777266    -0.95163487    -0.35083417     0.93636978    0.011270571
    0.80203572     0.44579395     0.39750026      0.2852282      0.2988601    -0.91067421    -0.52477002     0.84377153     0.11254347
    0.80633296     0.48158279     0.34337324     0.21803871     0.29763446     -0.9294476    -0.54980568     0.82431289     0.13498878
    0.75420656     0.49703835      0.4290983     0.32698298     0.28240906    -0.90184658    -0.56943358     0.82048645    0.050471686
     0.7776385     0.41732769     0.47022969     0.36440164     0.31030551     -0.8780216    -0.51233759     0.85413587    0.089230614
    0.84758904     0.43282984     0.30700349     0.16894892     0.32832542    -0.92933239    -0.50303984     0.83955986     0.20515889
    0.85344708      0.4348905    -0.28722524     0.16245108     0.30167536      0.9394688     0.49521483    -0.84844695     0.18681553
     0.8470566     0.44532136    -0.29014479     0.14008263     0.33954341      0.9301006     0.51271042     -0.8284921      0.2252307
    0.85523862     0.42561392    -0.29566821     0.20329965     0.24925474     0.94685866     0.47669293    -0.86989934     0.12664512
     0.8445897     0.49202767    -0.21113268    0.065898754     0.29580859     0.95297148     0.53134319    -0.81878328     0.21741288
    0.82283704     0.53641089    -0.18762347    0.017337098     0.30631252     0.95177312     0.56801289    -0.78640702     0.24274548
    0.82142863      0.5180098    -0.23858093      0.1256563     0.24366697     0.96168441     0.55629624     -0.8199343     0.13506383
    0.82107682      0.5357165    -0.19708039     0.13673223     0.15062394     0.97908974     0.55419956    -0.83085513    0.050424117
    0.87061226     0.43209624     0.23521722     0.19218933     0.14140596    -0.97111669    -0.45287698     0.89067233    0.040065477
     0.8549322     0.45682747      0.2457633     0.20752556     0.13300449    -0.96914547    -0.47541989     0.87955584    0.018906442
    0.88435039     0.43233083     0.17610918     0.13392781     0.12642514     -0.9828937    -0.44719987     0.89280834    0.053903004
    0.91554733     0.36445251     0.17013953     0.14076174       0.105925    -0.98436072    -0.37677477     0.92517796    0.045678382
    0.94662529     0.28698282     0.14676993     0.11821234     0.11452096     -0.9863624     -0.2998773     0.95106562    0.074483523
    0.81527468     0.48524474    -0.31601381     0.25032735     0.19676921     0.94795469     0.52217182    -0.85195036    0.038950927
    0.79434653     0.48710997     0.36295657     0.30414869     0.19828915    -0.93175908    -0.52583949     0.85053236   0.0093564408
    0.88885412     0.34419352    -0.30243871     0.23346336     0.22773947     0.94531984     0.39425019    -0.91085979     0.12207059
    0.85478019     0.39282921     0.33916963     0.25525392     0.25080455    -0.93377862     -0.4518808     0.88474985     0.11411156
    0.91154986    -0.38709497    -0.13868792     0.19724588     0.11569864     0.97350289    -0.36079207    -0.91475205     0.18181797
    0.85252317     0.25038712    -0.45881427     0.39348083     0.27037193     0.87867619      0.3440597    -0.92962644     0.13197581
    0.82179592     0.25401664    -0.51002648     0.44167991     0.28149544     0.85186805     0.35995879    -0.92533014     0.11913775
       0.77962     0.38592017     -0.4932122     0.41060702     0.27965713     0.86786736     0.47285783    -0.87912315    0.059564763
    0.81379501     0.34405501    -0.46836293     0.38824236     0.27783526     0.87867823     0.43244138    -0.89690229    0.092524221
      0.811758     0.39459782    -0.43051307     0.36015299     0.24204816     0.90094534     0.45971596    -0.88640016    0.054368942
    0.69680037     0.51281093    -0.50149196     0.40202129     0.29980089     0.86515797      0.5940102    -0.80445284   0.0027404615
    0.80423689     0.37175319    -0.46368373     0.27243367     0.46279549     0.84356401     0.52818835    -0.80474835     0.27091912
    0.80494607     0.34392215    -0.48350738     0.26350149     0.52291622     0.81063283     0.53162844    -0.77992062     0.33029536
    0.66628258     0.29799004     0.68357111     0.52704557     0.46030989    -0.71437929    -0.52753246      0.8362516     0.14964213
    0.69247431     0.30728147     0.65273074     0.52556181     0.40495025    -0.74819789    -0.49423083     0.86115817     0.11892224
       0.52216     0.28097587    -0.80523381     0.66499997     0.45700991     0.59069196     0.53397002    -0.84391617     0.05178335
    0.51968175     0.28621535    -0.80499171     0.68411968     0.42499379     0.59275673     0.51177255    -0.85875553    0.025055958
    0.55159361     0.27676311    -0.78685873     0.63455533     0.47303552      0.6112094     0.54137234    -0.83644461     0.08530186
    0.56024041     0.23355418    -0.79472204     0.64334168     0.48166009     0.59507565      0.5217683    -0.84466325     0.11959031
    0.52655219     0.23790786    -0.81617562     0.66565768      0.4817984     0.56988609     0.52881249    -0.84336834    0.095326807
    0.48033016     0.26952333     -0.8346497     0.65392578     0.52414053     0.54558023     0.58452033    -0.80785759     0.07551225
    0.57482027     0.30509111     0.75927667      0.6554739     0.38377105    -0.65044119    -0.48983223     0.87157283    0.020620116
    0.57428375     0.19298247    -0.79558528      0.7177375     0.34874662     0.60268456     0.39376523    -0.91713334    0.061768762
    0.54302139     0.21207686    -0.81249688     0.71763533     0.38522563     0.58017303      0.4360359    -0.89812283    0.056991913
    0.16098077     0.60331769    -0.78108447    0.080877241     0.78068069     0.61967453     0.98363818    -0.16292764    0.076879905
    0.58708336     0.18632756    -0.78779132     0.68296861     0.40845368     0.60557367     0.43461133    -0.89355897     0.11254048
    0.64931676     0.45101206     0.61235273     0.47222208     0.39206155    -0.78948974    -0.59614936      0.8017954    0.041594282
    0.62653246      0.4342943     0.64718277      0.5299885     0.37143534    -0.76233062    -0.57146239     0.82062431   0.0025453091
    0.65487451     0.37795869     0.65443609     0.55913459     0.34027569    -0.75602974     -0.5084367     0.86102246    0.011508096
     0.6942089     0.36167907     0.62230399      0.5277309     0.33217594    -0.78176675    -0.48946308     0.87111848    0.039730269
    0.69947933     0.35118956    -0.62241028     0.46928146     0.43112945     0.77065057     0.53898384    -0.83113975     0.13675939
    0.66276862     0.35759986    -0.65792104     0.48799128     0.46016113     0.74169822     0.56798087    -0.81263403     0.13047475
    0.71399273     0.34311853    -0.61031472     0.49231418     0.37377064     0.78608031     0.49783644    -0.86172222      0.0979474
    0.67494505     0.36385257    -0.64191937     0.52653101     0.37197259     0.76446156     0.51692772    -0.85396001      0.0594814
    0.68253224     0.41430173     -0.6020829     0.43207866     0.43568369     0.78961241     0.58945549     -0.7990831     0.11835723
    0.65442124     0.42828422    -0.62314161     0.44701669     0.44553973     0.77567417     0.60984335    -0.78617236     0.10012047
    0.64342364     0.41706265    -0.64192271     0.44415873     0.47958171     0.75678557     0.62348139    -0.77204931      0.1233322
    0.61935365     0.38148054    -0.68620235     0.48786068     0.49779386     0.71707268     0.61513659    -0.77889272     0.12220109
    0.56662173     0.42329299    -0.70693908     0.50780257      0.4962747     0.70416473     0.64890397    -0.75798052    0.066250757
    0.55187448     0.48204404    -0.68049107     0.49808276     0.46393493     0.73258306     0.66884088    -0.74323477    0.015936018
    0.63403082     0.31685072    -0.70541515     0.55271457     0.45230821     0.69994563     0.54084335    -0.83368033     0.11164933
    0.76772367     0.41876104    -0.48501501     0.33057929     0.38957002     0.85962348     0.54892413    -0.82028921      0.1606484
    0.77230386     0.38184608    -0.50768131     0.37635237     0.36879956     0.84990928     0.51176717    -0.84745528     0.14111665
    0.73068567     0.40683808    -0.54825289     0.38016198     0.42456713     0.82171748     0.56707612    -0.80884209     0.15556075
    0.69418686     0.50655474    -0.51137746     0.30914713     0.43176334     0.84735381     0.65002512    -0.74631275     0.14312449
    0.68385818     0.54969014    -0.47976946     0.28850383      0.4002474     0.86980892     0.67015187    -0.73324127     0.11512475
    0.73081913     0.47392305     -0.4912233     0.28538557     0.44158884     0.85061999     0.62004715    -0.76183741     0.18747077
    0.71096355     0.45935778    -0.53246715     0.29655396     0.49071267     0.81930264     0.63764142    -0.74039955     0.21265446
    0.73169861     0.50942242    -0.45288623      0.2862572     0.37333489     0.88242726     0.61860646    -0.77531275     0.12734279
    0.72843725     0.54364512    -0.41692824     0.22354893     0.38664055     0.89472619     0.64761489    -0.74495575     0.16011209
    0.76071397     0.49158069    -0.42386634     0.21805902     0.42152018     0.88021077     0.61136283    -0.76201651     0.21346269
    0.72285602     0.47393994    -0.50285198     0.35374984     0.37131017     0.85848111     0.59358254    -0.79844204     0.10074762
    0.84664267     0.37852744    -0.37404968     0.23548357       0.363842      0.9012028     0.47722498     -0.8510793     0.21890717
    0.82405928     0.42099869    -0.37905988     0.24541406     0.33777773     0.90866834     0.51058617     -0.8418232     0.17502987
    0.79318721     0.43566628    -0.42549845     0.25453392      0.3975734     0.88155991      0.5532328    -0.80754584     0.20445829
    0.56801003     0.41517951     0.71062689     0.48311966     0.53082307    -0.69629179    -0.66630324     0.73881855     0.10093144
    0.56315641     0.41430776     0.71498527     0.51240782     0.50372349    -0.69548607    -0.64830015     0.75803148    0.071380577
    0.75273432     0.19593913    -0.62848939     0.49376446     0.46339075     0.73584351     0.43541671    -0.86422038     0.25206234
    0.79391567     0.16383314    -0.58553958     0.46657808     0.45334255     0.75946391     0.38987537    -0.87615024      0.2834748
    0.77187469     0.23669397    -0.59007239     0.43554656     0.47925392     0.76198088     0.46315079    -0.84515776     0.26683273
    0.81072438     0.24639028    -0.53105349      0.3752575     0.47753882     0.79444224     0.44934151     -0.8433555     0.29469256
    0.77995811     0.11553181     -0.6150754     0.52040857     0.42617771     0.73996451     0.34762087    -0.89723183     0.27227702
    0.77299578     0.26073774    -0.57835401     0.47760368     0.36088446     0.80103504     0.41757903    -0.89542071     0.15443286
    0.77982981     0.27944108    -0.56015904     0.44991719     0.37197253     0.81191807     0.43524704     -0.8851831     0.16434993
    0.84421529     0.24833633    -0.47500486     0.36493771     0.38276867     0.84870997     0.39258249    -0.88984112     0.23251187
    0.81270039     0.25738521    -0.52275323      0.4091551     0.38667867     0.82648152     0.41486165      -0.885569     0.20894343
    0.29155226     0.57990148    -0.76073093    0.037862509     0.78766263     0.61494229     0.95580527      -0.208091     0.20768829
    0.26449571     0.62315557    -0.73601573    0.047814935     0.75378312     0.65538137     0.96320079     -0.2085381     0.16957626
    0.71119974     0.12997582     -0.6908699     0.64868832     0.25740345     0.71620313     0.27092138    -0.95752272    0.098751469
    0.23580043     0.66251061    -0.71096965     0.13797356     0.70136523     0.69932118     0.96195709    -0.26299525    0.073973279
    0.70483172     0.11309932     -0.7003005     0.64828453     0.29808957     0.70062099     0.28799203    -0.94781388     0.13678245
    0.65847631     0.17055599    -0.73302087     0.68739398     0.26027011     0.67804792     0.30642856    -0.95035263     0.05414254
     0.4990064     0.46073903     0.73397014     0.53708471     0.50025685    -0.67917826    -0.68009752     0.73311843   0.0021754819
    0.72389179     0.22615871    -0.65179208     0.56854743     0.33961283     0.74927762     0.39081261    -0.91297063     0.11726099
     0.7403783     0.26836329    -0.61629629     0.52277189     0.34646561     0.77889096     0.42255121    -0.89885634     0.11622284
    0.68018851     0.23038684    -0.69589187     0.61485581     0.33757122     0.71273979     0.39911894    -0.91267057    0.087957373
    0.66950667      0.2679163     -0.6928071     0.59221635     0.37047006     0.71556392     0.44837553    -0.88936651    0.089367768
    0.71928334     0.16897004    -0.67385503     0.60967129     0.31150019     0.72888171     0.33306514    -0.93510254     0.12104072
    0.72233152     0.20159121    -0.66151203     0.60144892     0.28898633     0.74481279     0.34131564    -0.93586745    0.087497123
    0.71792234     0.16248933    -0.67689344     0.59758898     0.35486667     0.71899726      0.3570363    -0.92068826     0.15766488
    0.74435553     0.22552314    -0.62854925       0.573139     0.26729082     0.77464011     0.34270471    -0.93685374    0.069703298
    0.68535558     0.19236221    -0.70234216     0.61056855     0.37382096     0.69818618     0.39685486    -0.90733383     0.13874996
    0.76793573     0.18822755    -0.61224595     0.54802556     0.30172674     0.78014676     0.33157609      -0.934629     0.12855324
    0.66537901     0.21712047    -0.71423348     0.65330138     0.29357898     0.69786008     0.36120364    -0.93095117    0.053496186
     0.7559246     0.16570489    -0.63334026      0.5473832     0.37067756     0.75031312     0.35909558    -0.91385996     0.18950021
    0.63785121     0.22023688    -0.73799834     0.59440973     0.46853359     0.65356969     0.48971716    -0.85555362     0.16794377
    0.65895141     0.24464936    -0.71128737      0.5551824     0.47982308     0.67936906      0.5074993    -0.84256543     0.18035507
    0.63787529     0.19182815    -0.74586666     0.63675706     0.41339115     0.65088263     0.43319228    -0.89011781     0.14154407
     0.5439405     0.41157021     0.73125829     0.57187682     0.45591105    -0.68198389    -0.61407299     0.78914832    0.012621017
    0.50677131     0.40874128     0.75902135     0.52786313      0.5489748    -0.64806418    -0.68157418     0.72907972    0.062445228
    0.87679679     0.24703409     -0.4125549     0.29722814     0.39599929     0.86881528     0.37799845    -0.88439738     0.27378542
     0.8284419     0.18274528     -0.5294225     0.44023327     0.37189015     0.81724683     0.34623502    -0.91011091     0.22763883
    0.70561127     0.60508759    -0.36875703     0.17564025     0.35481241     0.91829116     0.68648616    -0.71272517      0.1440819
     0.8982612     0.27353314    -0.34395704     0.21696623     0.40460409     0.88838122     0.38216813    -0.87262544      0.3040927
    0.77892651     0.50159281    -0.37640158      0.2501793     0.30183605     0.91994854     0.57505114    -0.81074019     0.10961996
    0.63006945     0.11705183    -0.76766618     0.68058223     0.39278876     0.61848591     0.37392555    -0.91214903      0.1678208
    0.77907472     0.31599476    -0.54147013     0.35878798     0.48353533     0.79841391     0.51411455    -0.81629706     0.26333503
    0.74540678     0.35023721    -0.56718835     0.50771113      0.2530796     0.82351693     0.43197007    -0.90182294    0.010827919
    0.51950122     0.35776602     0.77596517     0.59328781     0.50250613    -0.62888565    -0.61492118     0.78707754    0.048794332
    0.67686566     0.15726826    -0.71911027     0.56928705     0.50747121     0.64682704     0.46665312    -0.84719517     0.25395905
    0.82596294    0.059156314    -0.56061194     0.48220037     0.44099533     0.75697155      0.2920069    -0.89555773     0.33572061
    0.70750415     0.29267489    -0.64325679     0.45799071     0.50332405     0.73274102     0.53822151    -0.81302295     0.22206147
    0.82226865     0.38670406     0.41753353     0.36279534     0.20907866    -0.90811104    -0.43846757     0.89819045    0.031624393
    0.72840328   -0.037572375    -0.68411767     0.62263725     0.45298615     0.63806457     0.28592223    -0.89072547     0.35335056
     0.7220719    0.060181734    -0.68919542     0.61250519     0.40753905     0.67731035     0.32163576    -0.91120255     0.25741087
    0.85374825     0.51127532   -0.098546806  -0.0092881665     0.20418747     0.97888774     0.52060316    -0.83480838     0.17907351
    0.89187951     0.42076898    -0.16584451     0.10684448     0.16029185     0.98126998     0.43947149    -0.89289416    0.098004173
    0.70707096     0.11260458     0.69811953     0.61022753     0.40168259    -0.68284219    -0.35731362     0.90882963     0.21530368
    0.26203015      0.3297577     0.90697302    0.033044002      0.9361935    -0.34992831     -0.9644938     0.12166179     0.23441441
    0.24944323     0.28808747     0.92454512     0.05539269     0.94891662    -0.31062661    -0.96680387     0.12869675     0.22074289
    0.30656115      0.3022903     0.90257456    0.023938233     0.94548257    -0.32479172     -0.9515499     0.12117456     0.28261193
     0.3504533      0.3220359     0.87947448     0.02700101     0.93516314    -0.35318671    -0.93619092     0.14752215     0.31903571
    0.38011919     0.33154462     0.86347413    0.070521854     0.92044247     -0.3844637    -0.92224512     0.20703583      0.3264967
    0.44329045     0.33261163     0.83238397    0.012147467     0.92629381    -0.37660618    -0.89629572     0.17705728     0.40657681
    0.26631693     0.36447584      0.8923187   -0.058491575     0.93015662    -0.36247399    -0.96210916    0.044339834     0.26903522
    0.16721856     0.33918338     0.92573894    0.035169846     0.93630989    -0.34940931    -0.98529236    0.090985815     0.14463936
     0.1668573     0.39314827     0.90420854   -0.090514662     0.91930012    -0.38300702    -0.98181757   -0.017936612     0.18897762
    0.21132122     0.47277562     0.85546862    -0.16197782     0.88007153    -0.44636005    -0.96390172   -0.044241589     0.26255696
    0.21791004     0.48285522      0.8481545   -0.053416468     0.87363649    -0.48363825    -0.97450598    0.060084213     0.21616658
    0.20762852     0.47606583     0.85454767   -0.019976314      0.8754664    -0.48286596    -0.97800376    0.083186031     0.19128183
    0.16132386     0.48731686     0.85819397    0.039631448     0.86568385    -0.49901986    -0.98610545     0.11451528     0.12034239
    0.33912163     0.30326294     0.89052126    -0.10275237     0.95289232    -0.28537373    -0.93511415   0.0052732387     0.35430738
    0.78495676     0.29964087     0.54227137     0.45557399     0.31401648    -0.83297418    -0.41987526     0.90089344     0.10998077
    0.73444649  -0.0029106907     0.67866036     0.62601718     0.38908482    -0.67580729    -0.26208937     0.92119734     0.28758412
    0.30799962     0.51368492    -0.80078963     0.14716385     0.80585354     0.57353542     0.93993566    -0.29449598     0.17260673
    0.88661385     0.26785937      0.3770507     0.30130701     0.28398961     -0.9102549    -0.35089879     0.92065262     0.17108122
    0.71316978     0.58797998     0.38166532     0.24565808     0.30030341    -0.92166695    -0.65653711     0.75106418    0.069725286
    0.44487498     0.24458602     0.86154741    -0.11027154     0.96962527    -0.21832779    -0.88877806   0.0021244086      0.4583329
    0.87212587    -0.34167232     0.35022349    -0.26979114     0.26132711     0.92677985    -0.40817792    -0.90275587     0.13572997
    0.89516837    -0.32116229     0.30907664    -0.22046061     0.28364062      0.9332444     -0.3873896     -0.9035501     0.18310248
    0.91349832    -0.23656305     0.33099659    -0.24937757     0.31723604     0.91497111     -0.3214524    -0.91836769     0.23080107
    0.86151491    -0.43088824     0.26856542    -0.21581954     0.16800966     0.96187041    -0.45958023    -0.88662736    0.051748727
    0.88839786    -0.40056536     0.22426911    -0.18942322     0.12514741     0.97388755    -0.41817232     -0.9076814    0.035304315
    0.82034583    -0.45946022     0.34048351    -0.24921801     0.24864441     0.93598416    -0.51470681    -0.85268533    0.089468638
    0.50749518    -0.08077108    -0.85786052     0.10807962      0.9937008   -0.029622999     0.85484937    -0.07768371     0.51302807
    0.49848513    -0.10211928    -0.86086249      0.1531363     0.98779395   -0.028502393      0.8532654    -0.11762128     0.50803876
   0.037197073     0.42954709     0.90227805    0.051014986     0.90090935    -0.43099862    -0.99800493     0.06206159    0.011597852
    0.02203226     0.45987291    -0.88771138   -0.004498093     0.88796352     0.45989189     0.99974714  -0.0061394493    0.021632394
     0.4194012     0.25835507     0.87026162     0.70728566     0.50795749    -0.49165657    -0.56907787     0.82172492    0.030307141
   0.018417885     0.35485123    -0.93474135    0.079054572     0.93145612     0.35516175     0.99670013   -0.080436905    -0.01089716
   0.016283029      0.3564665     -0.9341662    0.020463485     0.93397557     0.35675045       0.999658   -0.024925274   0.0079134041
    0.17004683     0.15889101    -0.97254189    0.079226236     0.98151626     0.17420975     0.98224604    -0.10667465     0.15431539
    0.10739761     0.19810152    -0.97428001    0.093053798     0.97364337     0.20822965     0.98985188    -0.11302382    0.086132868
   0.069080855     0.20596165    -0.97611866    0.023428092     0.97785134     0.20798528     0.99733593   -0.037236399    0.062725519
   0.024968543     0.25681356     0.96613838  -0.0087887966     0.96645872    -0.25667158     -0.9996496  -0.0020824785    0.026388148
    0.12113538     0.30039803     -0.9460905   -0.041578489     0.95380824     0.29752491     0.99176482   0.0032962197     0.12803002
    0.17707205     0.04624671    -0.98311074    0.041989048     0.99763093    0.054492574     0.98330179   -0.050928996      0.1747107
     0.1449342    0.021931975    -0.98919819    0.073093393     0.99678528    0.032809605     0.98673777   -0.077059086     0.14286519
    0.13456373   -0.010984308    -0.99084406   -0.041130151     0.99901488   -0.016660658     0.99005097    0.042995486     0.13397938
    0.41044553    -0.17107231    -0.89569455     -0.1095555     0.96587929    -0.23468019      0.9052801      0.1944517     0.37769893
     0.3389174    -0.17189812    -0.92497893   -0.094554127     0.97196508    -0.21527519     0.93605262     0.16042108      0.3131622
    0.25728103    -0.15198669    -0.95430944   -0.082505122      0.9804929    -0.17840007     0.96280807     0.12463437     0.23972254
     0.5340027     -0.3388021    -0.77463169     0.23837341     0.93936332    -0.24652518     0.81118385   -0.053006484     0.58238396
    0.61133357    -0.34473886    -0.71233867     0.23178727     0.93865538    -0.25534434     0.75666765  -0.0090104738     0.65373763
    0.44679247    -0.33620097    -0.82906297     0.28510725     0.93189302    -0.22425265     0.84799195    -0.13617747     0.51221611
    0.51104397    -0.27197645    -0.81539124     0.28793694     0.94798068     -0.1357385     0.80989282    -0.16541291     0.56277188
    0.60799955     -0.2890974     -0.7394317    -0.55802189     0.50689362     -0.6570163     0.56475492     0.81208469     0.14686842
    0.59496787    -0.30447721      -0.743846    -0.58108434      0.4764442    -0.65980446     0.55529653     0.82479971     0.10654205
    0.33199856      -0.226065     0.91579014     0.20087214     0.96553234     0.16552242    -0.92164382     0.12900352     0.36596551
    0.35352435    -0.13013291     0.92632929     0.17638559     0.98178545    0.070607718    -0.91864501     0.13842959     0.37003864
    0.25115278     -0.1978258     0.94751635     0.26154883     0.95634879      0.1303426    -0.93194125     0.21508589     0.29193076
    0.69101156    -0.33982732     0.63798152    -0.45376583     0.48309549     0.74880927    -0.56267184    -0.80693007     0.17962254
     0.7243435     -0.3377095     0.60106471    -0.41433232     0.48359016     0.77101834     -0.5510492    -0.80752266     0.21036143
    0.79615511    -0.43054409     0.42516917    -0.27603741     0.36684899     0.88838346    -0.53846113    -0.82465363     0.17322243
    0.77273915    -0.37818759     0.50975322    -0.34703677     0.42070323     0.83819704    -0.53145054    -0.82461078     0.19384886
     0.6809894    -0.21177635    -0.70100229    -0.44720642     0.63776124    -0.62711005     0.57987917     0.74054803      0.3396009
    0.69862402    -0.21695517    -0.68180271    -0.38638342     0.68762162    -0.61472299     0.60218962     0.69289751      0.3965611
    0.76770583    -0.18918321    -0.61223972     -0.3587131     0.66482612    -0.65523366     0.53099217      0.7226451     0.44252839
    0.19707448     0.11909557     0.97312789  -0.0080102732      0.9927566     -0.1198756    -0.98035579    0.015829403     0.19660098
    0.15659616    0.088969111     0.98364737    -0.06356217     0.99477774   -0.079856768    -0.98561529   -0.050017498     0.16143344
    0.13095117    0.076765109     0.98841232    0.035686113     0.99598653   -0.082081285    -0.99074633    0.046021234     0.12768615
    0.15439377  -0.0075141464     0.98798082   -0.017358916      0.9997961    0.010316721    -0.98785689   -0.018743113     0.15423185
   0.046518428   -0.039517228     0.99813547    0.021746243     0.99902045    0.038538774     -0.9986807    0.019912934    0.047332212
   0.013355131   -0.069715183     0.99747754     0.10064463     0.99259411    0.068026352     -0.9948328    0.099482258    0.020272683
   0.070091068   -0.057102679    -0.99590488    -0.13316459     0.98888909   -0.066072439     0.98861238     0.13725035    0.061708237
     0.1621227    -0.02964313    -0.98632526    -0.17421178     0.98298808   -0.058178097     0.97127055     0.18126147     0.15420049
    0.69619706    -0.47640679    -0.53697879     -0.4272886     0.32606796    -0.84326991     0.57683109     0.81652695    0.023444364
    0.73295294    -0.50639854    -0.45424718    -0.33179482     0.31681745    -0.88856001     0.59387893     0.80198954    0.064191876
    0.69437197    0.019600848     0.71934927    -0.63897523     0.47658469     0.60380269    -0.33099581    -0.87891003      0.3434515
    0.73062078   -0.013767587     0.68264466    -0.60439342     0.45209345     0.65598789    -0.31765055    -0.89186432     0.32198783
    0.67126472    -0.24328473     0.70015443     -0.5902729     0.39586459     0.70346935     -0.4483097    -0.88549634     0.12212555
    0.71309574    -0.19082149     0.67459738    -0.56859025     0.40549084     0.71573899    -0.41012144    -0.89395992     0.18065455
    0.64693903    -0.13514372     0.75047056    -0.61874195     0.48217676     0.62021284    -0.44567734    -0.86558751     0.22831988
    0.65974621    -0.16200335     0.73381868     -0.6106644     0.45353541     0.64914916    -0.43797709    -0.87639064     0.20028859
    0.62044276    -0.17983198     0.76335525     -0.6464195     0.43387285     0.62761148    -0.44406374    -0.88284472     0.15294637
     0.6227553   -0.083030946     0.77799852    -0.63649699     0.52451683     0.56546766    -0.45502463     -0.8473417     0.27379669
     0.7100392    -0.10816043     0.69580576    -0.59291372     0.44122273     0.67362884    -0.37986531    -0.89085567     0.24915563
    0.73686147    -0.24352637     0.63065845    -0.39054896     0.60811203     0.69113766    -0.55182124    -0.75557571     0.35298536
    0.75122489    -0.19187855     0.63154081    -0.41302089     0.60968716     0.67653182    -0.51485427    -0.76906709     0.37876232
    0.72594414    -0.25416499     0.63906593    -0.42420746     0.56592211     0.70695134    -0.54134382    -0.78430372     0.30300916
    0.70991594     -0.2215147     0.66854364    -0.48269964     0.53820128     0.69089829    -0.51285517    -0.81318548      0.2751526
    0.73939816    -0.16194423     0.65350167    -0.50789645      0.5030056     0.69930434     -0.4419633    -0.84897552     0.28967052
    0.72429619   -0.096361096     0.68272217    -0.54787719     0.52072209     0.65473589    -0.41859959    -0.84827062     0.32436298
     0.7922486    -0.17864233     0.58346301    -0.41192243     0.54886177     0.72737244    -0.45018005     -0.8166013     0.36124818
    0.74891626    -0.25851607     0.61015889    -0.51557565      0.3511317     0.78159342    -0.41630059    -0.89993109     0.12968365
    0.77029339    -0.23842748     0.59143928     -0.4893109     0.37376366     0.78795658    -0.40892901    -0.89635544     0.17124251
    0.77331659    -0.29516353     0.56112382    -0.48713359     0.28986271     0.82382065    -0.40581068    -0.91041644    0.080371573
    0.61267026    -0.20332046    -0.76373814     -0.6517301     0.41667398    -0.63374338     0.44708281     0.88602685     0.12277369
    0.59707841    -0.18344229    -0.78092657    -0.65236301     0.45547712    -0.60577479      0.4668189     0.87114265     0.15228459
    0.17401617     -0.5791979    -0.79639699    -0.11920075     0.79039977    -0.60088217     0.97750169     0.19949434    0.068501518
    0.19717288    -0.59133989    -0.78194628    -0.15039502     0.76991835    -0.62016697     0.96876426     0.23988093    0.062872438
    0.61008093    -0.17733806    -0.77223861    -0.70925324     0.31225176    -0.63202744     0.35321539     0.93330062    0.064721254
     0.6204507    -0.22103515    -0.75245225    -0.68277722      0.3197726    -0.65693284     0.38581886      0.9213517    0.047485364
    0.58228207    -0.26334231    -0.76915435    -0.67882036      0.3631388    -0.63822656     0.44738184     0.89374551    0.032687088
    0.36179509    -0.22054829      -0.905794     0.20704052     0.96635814    -0.15259804     0.90897664    -0.13232684     0.39528606
    0.41482335    -0.19712019    -0.88829343     0.20168097     0.97188761    -0.12148766     0.88726905    -0.12875596     0.44291707
     0.6853009    -0.44018822     0.58016981    -0.46998858       0.341225     0.81404928    -0.55630335    -0.83054189    0.026958367
    0.72041951    -0.35135767    -0.59794943    -0.53701366     0.26298374    -0.80153345      0.4388759     0.89854735  0.00077474703
    0.65903053     -0.4528815     0.60048073    -0.47231752      0.3721226     0.79902499    -0.58531609    -0.81019943    0.031336289
    0.70823944    -0.37743538     0.59660659    -0.47517606     0.37013884     0.79825118    -0.52211551    -0.84884614    0.082798667
    0.73601289    -0.38024161     0.56009048    -0.46009847     0.32592569     0.82588247    -0.49658276    -0.86555691    0.064936924
    0.22966729   -0.093902387     0.96872869     0.18182465     0.98195101    0.052076882    -0.95613427      0.1641784      0.2425958
    0.23841933   -0.093283573     0.96667181     0.13789432     0.98854295    0.061383964    -0.96132272     0.11866342     0.24855103
    0.21678159    -0.14587628     0.96525948      0.1516508     0.98180113     0.11431786    -0.96436911     0.12160037     0.23495866
    0.12605796    -0.20977318     0.96958991     0.14796601     0.97042924     0.19071747    -0.98092581      0.1194249     0.15336963
    0.16230861    -0.19307704     0.96766584     0.12167098     0.97710178     0.17455165    -0.97920993    0.089405615      0.1820839
    0.12594877    -0.15694819     0.97954284      0.1352105     0.98090735     0.13978157    -0.98277924     0.11483916     0.14476512
   0.072068612    -0.22830567     0.97091845     0.16945787     0.96209987     0.21365364    -0.98289885     0.14913205     0.10802539
   0.041294393    -0.17451985     0.98378737     0.17937759      0.9699243     0.16453124    -0.98291325     0.16967519    0.071357385
   0.087495775    -0.16911189     0.98170548    0.082056092     0.98335942     0.16208345    -0.99277958    0.066373299    0.099916456
    0.10146981    -0.27004975     0.95748473     0.12826337     0.95797077     0.25659407    -0.98653555    0.096773665      0.1318426
    0.13012538   -0.085533657     0.98780129     0.11126992     0.99123829    0.071173419    -0.98523418      0.1006511     0.13850258
    0.10047991  -0.0087789949     0.99490036     0.13422504     0.99093919  -0.0048120092    -0.98584351     0.13402405     0.10074784
    0.22341771    -0.22175244     0.94916299    0.063422255     0.97502107     0.21286507    -0.97265726    0.012640232     0.23190101
    0.22174896    -0.26675277     0.93790744    0.047705728     0.96366998     0.26280093    -0.97393612   -0.013532274     0.22641845
     0.1994776    -0.13718721      0.9702517    0.039288374     0.99047491      0.1319692    -0.97911445    0.011794711     0.20296742
    0.22313522    -0.27593154     0.93491842     0.14665026     0.95768624     0.24765049    -0.96369309    0.081846486     0.25415896
    0.69566863    -0.18305499    -0.69464813    -0.53304738     0.51669424    -0.66999071     0.48156584     0.83637188     0.26187099
    0.64199051    -0.17730951    -0.74592863    -0.56938407     0.54129168    -0.61871246     0.51346856     0.82192741     0.24654691
    0.18412566    -0.21865015    -0.95827441     0.10730935      0.9735873    -0.20152537     0.97702735   -0.065725812     0.20272561
    0.15562755    -0.25733519    -0.95370785     0.13301415     0.96213761     -0.2379043     0.97881934   -0.089832179     0.18396434
    0.81880056   -0.044652002    -0.57233892    -0.48841492      0.4697444    -0.73538498     0.30168941      0.8816725     0.36281828
    0.81339369   -0.080171992    -0.57616243    -0.47743402     0.47384751    -0.73994952     0.33233636     0.87694982     0.34714774
     0.8208802    -0.18363058    -0.54077306    -0.45470186     0.36277368    -0.81341347     0.34554582     0.91360553     0.21429657
    0.80955909    -0.21440564    -0.54648358    -0.43585026      0.4040883    -0.80420594     0.39325391     0.88923724     0.23368461
    0.78511351    -0.17646816    -0.59367985    -0.49665331     0.39332274    -0.77371358      0.3700436     0.90230605      0.2211595
    0.77375117    -0.10055122    -0.62545869     -0.5368091     0.42017793    -0.73163276     0.33637051     0.90185362     0.27113636
    0.86056169    -0.20569441      -0.465965    -0.37597647     0.36064204     -0.8535684     0.34362082     0.90974014     0.23301847
    0.75693768     -0.2432784    -0.60651544    -0.55423371     0.25273506    -0.79306367     0.34622298     0.93645107    0.056471597
    0.74822322    -0.25079944    -0.61421629    -0.55105287      0.2806303    -0.78586727     0.36946278     0.92646979     0.07177036
    0.69580441   -0.066318041    -0.71516301    -0.64897809     0.36854076    -0.66558632      0.3077071     0.92724302     0.21339333
    0.72484317    -0.11137335    -0.67985172    -0.60260548     0.37575594    -0.70404127     0.33386976     0.92000187     0.20524994
     0.7492032    -0.17275164    -0.63941492    -0.56699125     0.33173745    -0.75397028     0.34236748     0.92741961     0.15059009
    0.69398525    -0.18103034    -0.69685902    -0.58628024     0.41972302    -0.69289831     0.41792339     0.88941588     0.18514707
    0.76837587    -0.32280555    -0.55262564    -0.42722544     0.38421316    -0.81844894     0.47652591     0.86497215     0.15730938
    0.74957137    -0.31527204    -0.58201916    -0.43173775     0.43363906    -0.79092331     0.50174225     0.84413311     0.18892859
    0.73874496    -0.35572977    -0.57246154    -0.39460663      0.4602844    -0.79525083     0.54638951     0.81338466     0.19965945
    0.74120682    -0.38336414    -0.55103936    -0.40827887     0.39413852     -0.8233852      0.5328422     0.83527646     0.13561868
    0.79279947    -0.25865338    -0.55187628      -0.379227     0.49951407    -0.77889189     0.47713298     0.82679147     0.29792614
    0.80580354    -0.22450937    -0.54797463    -0.36557932     0.53936933    -0.75857267     0.46586738     0.81158873     0.35254973
     0.7400327    -0.25032283    -0.62425163    -0.44905099     0.50708364    -0.73567614     0.50070432     0.82474521     0.26285076
    0.76569846    -0.22594409    -0.60220855    -0.43100591     0.51472914    -0.74113954     0.47743039     0.82704485     0.29674408
    0.72866442    -0.24812843    -0.63834195    -0.49574781     0.45198296    -0.74158311     0.47252754     0.85682185     0.20633478
    0.72478535    -0.23394649    -0.64803953    -0.44913905     0.55281933    -0.70190092     0.52245603     0.79978737     0.29560084
    0.77073347    -0.17002695    -0.61405273    -0.43802504     0.55848825    -0.70443235     0.46271372     0.81190006     0.35596952
    0.81653734    -0.27977499    -0.50496805    -0.28987066     0.55775391     -0.7777439     0.49924119     0.78143236     0.37432833
   0.056103058    -0.16634971    -0.98446951    -0.16375743     0.97113639    -0.17342898     0.98490403      0.1709441    0.027242721
   0.039119199    -0.18748792    -0.98148763    -0.10974234     0.97549158    -0.19071654     0.99318997     0.11517142    0.017585086
   0.081985587    -0.28220899    -0.95584332   -0.076667387     0.95444421     -0.2883719     0.99368027    0.096924349    0.056614444
   0.070547219    -0.25348876    -0.96476243   -0.063946028     0.96403356    -0.25797324     0.99545668     0.07989202    0.051800287
   0.052231334    -0.28210851    -0.95795964    -0.10695586     0.95217105    -0.28623545      0.9928909     0.11740986    0.019560006
    0.15295193    -0.32047023    -0.93482862   -0.085203632     0.93816021    -0.33555292     0.98455373     0.13097426     0.11618819
     0.3153663    -0.13467667    -0.93936483      0.1195652     0.98762895    -0.10145552     0.94140759   -0.080319696     0.32756753
    0.27863203    -0.20289367    -0.93872166     0.16277737     0.97326523    -0.16204416     0.94650289    -0.10765195     0.30420936
    0.50490831    -0.13481954     -0.8525792    -0.62552282     0.62348046    -0.46903445     0.59480148     0.77012714     0.23046777
    0.46311339    -0.16538956    -0.87073089    -0.65175406     0.60221635    -0.46103375     0.60061854     0.78101329     0.17110114
    0.45594949    -0.18362319    -0.87085739    -0.68569062     0.55132888     -0.4752524     0.56739618     0.81382983     0.12546942
    0.35018669    -0.47222194    -0.80893493     0.21853203     0.88097535    -0.41967391     0.91083096   -0.029813972     0.41170146
    0.35424742    -0.47918866    -0.80304856     0.18344841      0.8776601    -0.44278598      0.9169817    0.009537814     0.39881523
     0.3008334    -0.47445429    -0.82728012     0.17718683     0.88016704    -0.44035304     0.93707209   -0.014110243     0.34885069
     0.5706427    -0.03284277    -0.82054144    -0.62933137      0.6244108    -0.46265882     0.52754994     0.78040535     0.33564648
    0.56421684   -0.022327089     -0.8253247    -0.60372025     0.67072808    -0.43086622     0.56318844     0.74136721     0.36495676
    0.51444043   -0.019645732    -0.85730105    -0.65542715     0.63565594    -0.40786857     0.55296138     0.77172247     0.31413077
    0.56598253   -0.097095616    -0.81867956     -0.6102667     0.61832002    -0.49523217     0.55429084     0.77990563     0.29070411
    0.28881281    -0.45975311    -0.83977035    0.099723876     0.88682474    -0.45121728     0.95217767    0.046572179     0.30197471
    0.29344431    -0.43916919    -0.84912947    0.019479022      0.8907953    -0.45398712     0.95577769     0.11667973      0.2699534
    0.22849363      -0.518996    -0.82367094     0.10311919     0.85419571    -0.50962351     0.96806874    0.031509451     0.24869673
      0.718587    0.023493472    -0.69504013    -0.62960149     0.44643942    -0.63584103      0.2953552      0.8945054     0.33559708
    0.69758103  -0.0056011425      -0.716484    -0.64191416     0.43936648    -0.62841333     0.31831889     0.89829045     0.30289827
    0.72421434    -0.04393183     -0.6881741    -0.59074427     0.47527618    -0.65202282     0.35571731     0.87873918     0.31824934
    0.72179239   -0.083658111    -0.68703499    -0.56649661     0.49887276     -0.6559021     0.39761457     0.86262813     0.31269052
    0.66959258   -0.085507858    -0.73779007    -0.59028367     0.54163544    -0.59849498     0.45078927     0.83625323     0.31220118
    0.64797906   -0.068627214    -0.75856011    -0.62733621     0.51671041    -0.58263164     0.43194029     0.85340533     0.29176519
     0.3024373    -0.56052133    -0.77093937    0.047327061     0.81664996    -0.57518953     0.95199361     0.13747247     0.27351324
    0.64877418    -0.04466698    -0.75966896    -0.66903926      0.4421884    -0.59737417      0.3625997     0.89580929     0.25699645
    0.68034285   -0.078933023    -0.72863103    -0.62731178     0.45135355    -0.63463368     0.37896375     0.88884732     0.25755954
    0.62098861    -0.08321866    -0.77938938    -0.66830829     0.46334688    -0.58195679      0.4095573     0.88226092     0.23211741
    0.24229137    -0.53974488    -0.80620739    0.019417491     0.83349854    -0.55218035      0.9700092     0.11813401        0.21243
    0.65591436   -0.069015744    -0.75167358    -0.57441577       0.600419    -0.55636639     0.48971714     0.79670186     0.35417971
     0.7419562   -0.096436918    -0.66347639    -0.50174923     0.57650552    -0.64489464     0.44468945     0.81138235     0.37935469
    0.72701099    -0.06028431    -0.68397429    -0.54208936     0.56099001    -0.62564314     0.42141921     0.82562462     0.37516642
    0.69171103   0.0075459101    -0.72213497    -0.60907733     0.54336247    -0.57773873     0.38802147     0.83946429     0.38044585
    0.64057116   0.0098531047    -0.76783559    -0.63487522      0.5692902    -0.52234292     0.43197458     0.82207761     0.37092638
    0.67962204   -0.036818544    -0.73263789     -0.5361695     0.65667941    -0.53037196     0.50063574     0.75327057     0.42655282
    0.14991165    -0.26873789    -0.95147593    0.023923234     0.96305527    -0.26823912     0.98840992    0.017449789     0.15080228
    0.17312929    -0.29067691    -0.94102773   -0.007376694     0.95504647    -0.29636436     0.98487148    0.058251024     0.16320228
    0.24633762    -0.26942333    -0.93098273    0.078617249     0.96297333    -0.25787922     0.96599022  -0.0096659492     0.25839788
    0.28035359    -0.24006797    -0.92939186    0.096527205     0.97036354    -0.22153353     0.95503108   -0.027603879     0.29521799
    0.26057752    -0.34491401    -0.90173925     0.06727074      0.9382229    -0.33942958     0.96310643    0.027787051     0.26768242
    0.25704302     -0.3539472    -0.89924983    0.031874113     0.93311397    -0.35816527     0.96587418    0.063401094     0.25113219
     0.2341123    -0.32062299    -0.91781934     0.07945856     0.94720687    -0.31062112     0.96895705 -0.00020837844     0.24722902
    0.27380941     -0.3651459     -0.8897735     0.11733396     0.93089992    -0.34591629     0.95459999   -0.009685512     0.29773317
    0.31364305    -0.32812083      -0.891047    0.058986802     0.94331804    -0.32660623     0.94770702    0.049877761     0.31521995
    0.29725436    -0.38078212    -0.87558256    0.065871747     0.92302768    -0.37905252     0.95252336    0.054998863     0.29945679
     0.2870997    -0.33247138    -0.89835212     0.15521271     0.94158725    -0.29886865     0.94524218   -0.053630562      0.3219332
    0.15110766    -0.33231101     -0.9309865    0.078171372     0.94286857    -0.32386432     0.98542159   -0.023838112     0.16845187
    0.40438431    -0.32576115    -0.85460693     0.11767268     0.94518161    -0.30460608     0.90698758    0.022614027      0.4205498
     0.4257546     -0.2762024    -0.86165263     0.12498262     0.96109536    -0.24632307     0.89616537  -0.0028184173     0.44371127
    0.36324326    -0.29312765    -0.88438143     0.15937778     0.95477663    -0.25099863     0.91796136    -0.04977719     0.39353421
    0.47396047    -0.32988308    -0.81641817     0.13038416     0.94324387     -0.3054357      0.8708395    0.038316452     0.49007184
    0.38811209    -0.35973333    -0.84850512     0.20834332     0.93108768    -0.29944747      0.8977539    -0.06056119     0.43631442
     0.3168071    -0.17907241    -0.93143241     0.02500771     0.98325168    -0.18052907     0.94816026    0.033899897      0.3159793
    0.31312068     -0.3575173    -0.87985045     0.24343123     0.92570071    -0.28951587     0.91798512    -0.12352967     0.37688691
    0.25558303    -0.55457403    -0.79191222   -0.065680836     0.80726478    -0.58652332     0.96455344     0.20191886     0.16989829
    0.06981733    -0.36275656    -0.92926488   -0.031566496     0.93026813    -0.36551985     0.99706023    0.054853256    0.053497884
    0.19917805    -0.36596411    -0.90906456    -0.13769868     0.90799631    -0.39570415     0.97024078     0.20399257     0.13046016
    0.43235598    -0.18374902    -0.88278231    0.071975649     0.98292556    -0.16934243      0.8988258   0.0096773826      0.4381992
    0.81260001    0.029886777    -0.58205498    -0.53972573     0.41547754    -0.73217112     0.21994854     0.90911231     0.35374772
    0.85057964   -0.055543955    -0.52290453    -0.41699448     0.53457076    -0.73508483     0.32035899     0.84329649     0.43153348
   0.099708107    -0.20108373     0.97448634  -0.0074028881     0.97918977     0.20281173    -0.99498919   -0.027435987    0.096144558
    0.14216304    -0.17211091    -0.97476536    -0.20453268      0.9584073    -0.19905235     0.96848131     0.22766926     0.10104779
    0.19257939    -0.40438094     -0.8940857   -0.038285915     0.90735085    -0.41862707     0.98053422     0.11484984     0.15925498
    0.64985239    0.024707088    -0.75965876    -0.54667212     0.70957985    -0.44457399     0.52805442     0.70419174     0.47462883
    0.22632839    -0.47550279     -0.8501015   -0.088446822     0.85911042    -0.50408972     0.97002712     0.18927859     0.15238436
    0.32194615    -0.46461007    -0.82491706   -0.058902992     0.85978977    -0.50723957     0.94492387     0.21189391     0.24943909
    0.35769796    -0.13626482    -0.92384201     0.22974828     0.97173005   -0.054373073     0.90513419    -0.19280198     0.37889247
    0.74064892   -0.034649211    -0.67099822    -0.46263899     0.69791365    -0.54670074     0.48724156     0.71534325     0.50087892
   0.068057264    -0.13591711    -0.98837986    -0.02566708      0.9901104    -0.13792246      0.9973512     0.03475545    0.063895609
   0.057521392    -0.22673376      0.9722567    -0.10212648      0.9674239     0.23164882    -0.99310698    -0.11261792    0.032492048
    0.58973034     0.10579071    -0.80064128    -0.60330543      0.7167659    -0.34967013     0.53688051     0.68924232      0.4865227
    0.53958871  0.00015413311     0.84192874     -0.5026548     0.80227957     0.32200255     -0.6754126    -0.59694846     0.43297847
    0.55800639    0.010270819     0.82977309    -0.55483052     0.74818103     0.36385193    -0.61708343    -0.66341514     0.42318836
    0.58784673    0.071284103     0.80582554    -0.59913693     0.70767933     0.37446617    -0.54357259    -0.70292855     0.45871592
    0.43009843    -0.35833699      0.8286193     0.20265892     0.93274861     0.29817679    -0.87974127    0.039681726      0.4737939
    0.41122317    -0.40571209     0.81626785     0.23363386     0.91248585     0.33583448    -0.88108497    0.052604885     0.47002341
    0.63400138    0.037504267     0.77242196    -0.65162529     0.56378244     0.50747791    -0.41644535    -0.82507138     0.38187757
    0.59436685 -0.00054015458     0.80419385    -0.63975118     0.60561166     0.47323667     -0.4872848    -0.79576015     0.35960993
    0.67679135    0.066671639     0.73314961    -0.61038128     0.60758532     0.50820741    -0.41156792    -0.79145118     0.45190361
    0.30056035    -0.45174106     0.83999612     0.12962844     0.89189393      0.4332686    -0.94491266    -0.02133598     0.32662644
    0.35668847    -0.42819928     0.83031242     0.13997954     0.90323568     0.40567355    -0.92367693   -0.028472327     0.38211289
    0.32529128    -0.36356683     0.87292883     0.10346744     0.93127648     0.34931161    -0.93993621   -0.023308314     0.34055345
    0.42938433    -0.45499598     0.78013316     0.18396646     0.88977239     0.41768581    -0.88418631   -0.035829402     0.46575833
    0.48081344    0.009767783     0.87676851    -0.62739158     0.70237299     0.33623206    -0.61253427    -0.71174207      0.3438386
    0.27370059    -0.41490052     0.86772435     0.26723645     0.89945579     0.34578021    -0.92394408     0.13724733     0.35705812
    0.52329278  -0.0030612102     0.85214746     -0.6392354      0.6598628     0.39491668    -0.56350933    -0.75137987      0.3433446
    0.31604799    -0.34751555      0.8828061     0.25100011     0.92797292      0.2754364    -0.91493858     0.13453331     0.38051041
    0.46737224    0.061753766     0.88190117     -0.6176764     0.73649563     0.27577174    -0.63248641    -0.67361759     0.38236145
    0.36384186    -0.25978234     0.89450111    -0.67069824     0.59332113     0.44512236    -0.64636134    -0.76189446      0.0416395
    0.40957363    -0.22724149     0.88352178     -0.6426118      0.6155614     0.45621732    -0.64753341    -0.75461611     0.10608965
    0.48668108    -0.21317504     0.84717054    -0.64263021     0.56954221     0.51249203     -0.5917499    -0.79383756      0.1401927
    0.47127943    -0.17127896     0.86519317    -0.65422344     0.59000679     0.47316347    -0.59151279    -0.78902186     0.16600336
    0.45485466    -0.19527894     0.86889204    -0.68869886      0.5414467     0.48221298    -0.56462477    -0.81774177     0.11179117
    0.44786269    -0.22595165     0.86508084    -0.70588594     0.50448455      0.4972126    -0.54876593    -0.83333138    0.066443719
    0.48864355   -0.061068903     0.87034365    -0.68285487     0.59415861     0.42507031    -0.54308075    -0.80202627     0.24863057
    0.19952309    -0.41424203      0.8880282     0.10342302      0.9100906     0.40129638    -0.97441994     0.01177467     0.22442625
    0.21237191    -0.44005387     0.87249686    0.063498789     0.89719156     0.43705287    -0.97512362   -0.037415259     0.21848117
    0.16367809    -0.46007505     0.87266284    0.078355532     0.88786087     0.45339109    -0.98339712  -0.0058322255      0.1813728
    0.13933406    -0.38587962     0.91196652     0.11343211     0.92110743     0.37241678    -0.98372719    0.051555945     0.17211278
    0.16761277    -0.39458235     0.90344382     0.17154878      0.9141011     0.36741011    -0.97081253    0.093402061     0.22090514
    0.50044259    -0.15950268     0.85095012    -0.71225905       0.482911     0.50939573    -0.49218316    -0.86102024       0.128062
   0.053947612    -0.38318202     0.92209609     0.10378633     0.92059101     0.37648451    -0.99313547     0.07539053    0.089432743
    0.56272124    -0.21252282     0.79886098    -0.62976218     0.51579272     0.58082481     -0.5354852    -0.82993489     0.15640869
    0.59610578    -0.36493342     0.71517934    -0.57475383     0.42801928     0.69746508    -0.56063887    -0.82681503    0.045397885
     0.4730062    -0.27519739    -0.83697762    -0.68305611     0.48549137    -0.54564868      0.5565065     0.82979789    0.041665169
    0.07921899    -0.33921644    -0.93736682     0.16562589      0.9317312    -0.32317959     0.98300174    -0.12965025     0.12999383
     0.8181253   -0.064718423     0.57138649    -0.45672943      0.5305894       0.714054    -0.34938406    -0.84515467      0.4045298
    0.21143799   -0.094252016    -0.97283633    0.078142236      0.9937835   -0.079297882     0.97426268   -0.059253022     0.21748865
    0.40448659    -0.44182377    -0.80073863    0.048673336     0.88471974    -0.46357511     0.91324778      0.1485353     0.37936231
   0.046920361    -0.46718981    -0.88291119    0.015913986     0.88412211    -0.46698485     0.99877186   0.0078604619    0.048918181
   0.016208218    -0.32258906     0.94640033   -0.047167195     0.94522424     0.32299597     -0.9987555   -0.049874239  0.00010477948
     0.5352413    -0.17787897     0.82575773    -0.56247915     0.65426363     0.50552577    -0.63018565    -0.73504978      0.2501357
    0.29636843    -0.48196529     0.82454546   0.0064030563     0.86431505     0.50291004    -0.95505223    -0.14376705     0.25924174
    0.40476036   -0.027228556    -0.91401732     0.11785018     0.99277387    0.022613666     0.90679677    -0.11687022      0.4050444
    0.92715782     0.27845144      0.2506854     0.14920635     0.33933397    -0.92875719    -0.34367985     0.89850835     0.27306942
    0.54535771    -0.42063697      0.7250169     0.18101932      0.9036576     0.38811718    -0.81842347   -0.080420628     0.56896005
    0.40256542    0.007553765     0.91536005    -0.55514814     0.79710157     0.23757026    -0.72784039      -0.603798     0.32507898
    0.66612888    -0.37400549     -0.6452846    -0.52188111     0.38436298    -0.76151507     0.53283433     0.84402902    0.060848877
    0.35457306     0.46779462     0.80959628    -0.17324675     0.88372802    -0.43475321    -0.91883813    0.013891852     0.39439005
    0.94635826     -0.2691689     0.17875721    -0.13779445     0.16420537     0.97675446    -0.29226482    -0.94899141     0.11830713
    0.95731601    -0.25496282     0.13616172    -0.11315493     0.10289634     0.98823494    -0.26597371    -0.96146051    0.069654009
    0.96610238    -0.25177821    0.057043207   -0.044927453    0.053614492     0.99755051    -0.25421983    -0.96629872    0.040485335
    0.95231546     -0.2626075     -0.1553466     0.21698894     0.22496933     0.94989715     -0.2145019    -0.93831024     0.27122469
     0.9705725    -0.18993653    -0.14803089     0.19736782     0.27523788     0.94089854    -0.13796729    -0.94242677     0.30462567
    0.95374022    -0.23449741    -0.18812376     0.21350413    0.087782947     0.97299031    -0.21164965     -0.9681452     0.13378829
    0.94874457     -0.2305292    -0.21619443     0.23480367    0.056265404     0.97041303    -0.21154427    -0.97143733      0.1075106
    0.93368518    -0.24039597    -0.26540867     0.28725014    0.060239144     0.95595952    -0.21382082    -0.96880391     0.12529817
    0.93050611    -0.28682901    -0.22778828     0.24018418   0.0082997604     0.97069185      -0.276532    -0.95794584    0.076614767
    0.97405087    -0.22400076   -0.032381563    0.083741092     0.22376866     0.97103811     -0.2102673    -0.94855218     0.23672013
    0.97276464    -0.21807496   -0.078563769     0.11537916     0.16158256     0.98009118    -0.20103881    -0.96246267     0.18234311
    0.96958304    -0.24469562   0.0057261022    0.034079584     0.15812983     0.98683005    -0.24237846    -0.95661853     0.16165912
    0.52933241    -0.46555861      0.7092689    -0.50794173     0.49571099     0.70446136    -0.67956045    -0.73316151    0.025919254
     0.7986209    -0.42750831    -0.42360513    -0.35733424       0.229536    -0.90533169     0.48426945     0.87438542    0.030548888
    0.81722082     0.34004005      0.4653202    0.037869434     0.77396476    -0.63209529    -0.57507915     0.53418285     0.61962299
    0.84876037     0.29667277     0.43771122     0.07514143     0.75170879    -0.65520047    -0.52341151     0.58899844     0.61572822
    0.18276926     0.35770007      0.9157762    -0.26390142     0.91513151    -0.30477921     -0.9470752    -0.18597037     0.26165546
    0.21611464     0.38432329      0.8975467    -0.23377553         0.9129    -0.33460812    -0.94796807    -0.13751074     0.28713644
     0.7705964     0.35819631     0.52714001     0.18809677     0.66244865    -0.72510785    -0.60893414     0.65791883     0.44310498
    0.80945457     0.36405742     0.46070109     0.16439694     0.61270689    -0.77302258    -0.56369934     0.70146451     0.43610847
    0.91566729     0.37509285    -0.14442564    -0.29269583     0.37600418    -0.87917575    -0.27546789     0.84730526     0.45408284
    0.92324345     0.33778994     -0.1830833    -0.31178775     0.38022032    -0.87075881    -0.22452158      0.8610055     0.45635468
    0.91108567     0.40974685   -0.045060209    -0.24461675     0.44942961     -0.8591715    -0.33179142     0.79380133     0.50969982
      0.929193     0.35492767    -0.10308592    -0.27878802      0.4899677    -0.82595938    -0.24264707      0.7962148     0.55422414
     0.9178674     0.39122734     0.06678782    -0.13987187      0.4763464    -0.86806104    -0.37142335     0.78742318     0.49194453
    0.92801234     0.37082213    0.035833556    -0.12221573     0.39388691    -0.91099749     -0.3519324     0.84103748     0.41085221
    0.53162693   -0.065821379     0.84441717      0.6344541     0.69142469     -0.3455429    -0.56110677     0.71944385     0.40934062
    0.60181925    0.020551251     0.79836786        0.52246     0.74594558    -0.41303842    -0.60402743     0.66568974     0.43818721
    0.57795183   -0.019384663     0.81584062     0.55649306     0.74058435    -0.37663018    -0.59689795     0.67168374     0.43880951
    0.58280714     0.11250536     0.80478468     0.40678426     0.81695566    -0.40879092    -0.70346457     0.56562001     0.43036218
    0.64123281    0.082790166     0.76286714     0.42707002     0.78745701     -0.4444352    -0.63751994     0.61078412     0.46958608
    0.67993317     0.15222948     0.71729845     0.39223701      0.7509942    -0.53118532    -0.61954904     0.64252152     0.45091583
    0.79238238     0.29998076     0.53117014     0.31679885     0.54175586    -0.77854934    -0.52131436     0.78518287     0.33424423
    0.79462602     0.27018431     0.54366343     0.34645202     0.53356394    -0.77154425    -0.49853835     0.80144243     0.33037789
    0.75791174     0.29211562     0.58329946     0.38706708     0.51837608    -0.76253873    -0.52511796     0.80371307     0.27981498
    0.78541791     0.28749701     0.54814613     0.29558739     0.60386234    -0.74025561    -0.54382608      0.7434351      0.3893038
    0.75658192     0.16356033     0.63311279     0.28704484     0.78686462    -0.54630515    -0.58752791     0.59505637      0.5483784
     0.7579085     0.16508087     0.63112836     0.31183538     0.75808857    -0.57276559    -0.57300384     0.63091206     0.52308372
    0.84400051     0.22347999     0.48756522     0.26204347      0.6213525    -0.73841336    -0.46797048     0.75098453     0.46586035
    0.86441002     0.20583294     0.45872444     0.25123577     0.61346806    -0.74869054    -0.43551796      0.7624236     0.47857534
    0.85908867     0.23949686     0.45233606      0.2156402     0.63213769    -0.74424542    -0.46418312     0.73691465     0.49141718
    0.87764374     0.23005662     0.42049424     0.20296304      0.6163773    -0.76084495    -0.43422053      0.7530956     0.49426669
    0.88798038     0.24868539     0.38684161     0.16164214     0.61872562    -0.76879804    -0.43053765     0.74520748     0.50921817
    0.84115245     0.21078931     0.49802652     0.29645694     0.59048284     -0.7506286     -0.4523006     0.77903651     0.43419613
    0.90757572     0.26999255     0.32157476    0.086124113     0.62987507    -0.77190675      -0.410961     0.72825917     0.54840645
    0.80982281     0.19945474     0.55172894     0.29477562     0.67476978    -0.67660407    -0.50724191     0.71056565     0.48764957
    0.78242023     0.19230031     0.59231678     0.35196545     0.64810216    -0.67533985    -0.51374985     0.73687461     0.43940518
     0.8285875     0.13923499     0.54226965     0.33354852     0.65515126    -0.67788067    -0.44965335     0.74255669     0.49640852
    0.74527234     0.16110165     0.64700494     0.38016906     0.69451143    -0.61083988    -0.54775964     0.70121333      0.4563543
    0.75755243     0.08648923     0.64701927     0.39136936     0.73310529    -0.55622536    -0.52244075     0.67459339     0.52151646
    0.84711866     0.20053029     0.49211542     0.21383412     0.71915004    -0.66113401    -0.48648222     0.66529003      0.5663252
    0.93063865     0.29656551     0.21438425   0.0041341149     0.57728828    -0.81652995    -0.36591613     0.76078061     0.53602075
    0.90261409     0.34750523     0.25402348    0.017695978     0.55967833    -0.82852098    -0.43008681     0.75232991      0.4990241
    0.92281777     0.35259517     0.15519022   -0.084670404     0.57863197    -0.81118183    -0.37581682       0.735433     0.56382624
     0.8228654     0.52055698     0.22784418    -0.14532381     0.58041894    -0.80124581    -0.54933917     0.62620626     0.55325599
    0.86428704     0.44056141     0.24272115   -0.081423435     0.59872432    -0.79680576    -0.49636493      0.6689057     0.55334169
    0.80683943     0.40760929     0.42762695    0.043919089     0.68045741    -0.73147032    -0.58913602     0.60896008     0.53111804
    0.83720231     0.42749481      0.3410872 -0.00012224247     0.62382769     -0.7815619     -0.5468933     0.65428373     0.52232224
    0.90485454     0.35157587     0.24006804   -0.051008381     0.64938143    -0.75875023    -0.42265399     0.67431311     0.60552905
    0.86815852     0.46803761     0.16505021    -0.11526765     0.51363653     -0.8502299    -0.48271539     0.71910938     0.49986753
    0.94545907     0.11356298      0.3053041      0.2142159      0.4893159    -0.84538837    -0.24539498      0.8646811     0.43830116
    0.92826196    0.049651383     0.36859799     0.28725908     0.53379707    -0.79532566    -0.23624555     0.84415367      0.4812407
    0.91983638     0.35912248     0.15789895   -0.010858563     0.42564579    -0.90482471    -0.39215191     0.83057613     0.39542404
    0.95342692     0.25809454     0.15609077    0.019437026     0.46385216    -0.88569937    -0.30099721     0.84748356     0.43723255
    0.86252848     0.29320214     0.41240407     0.21481952     0.52574507    -0.82307028    -0.45814538     0.79851401     0.39048455
    0.90660445     0.21625055     0.36235904     0.22205681      0.4857141    -0.84544224    -0.35883024     0.84694599     0.39233066
     0.9426105     0.28604973      0.1722237   -0.081442227     0.69719615    -0.71223921    -0.32380953     0.65733788     0.68048093
    0.56945521      0.2090301     0.79500137     0.42372192     0.75410232    -0.50178623     -0.7044008     0.62260429     0.34085686
    0.71385472  -0.0093645376     0.70023121      0.5130642     0.68754778    -0.51385132    -0.47663043     0.72607875     0.49561384
    0.20336062     0.29240623    -0.93442124    0.075756224     0.94680364     0.31276806     0.97616876    -0.13439293     0.17039098
    0.06724879     0.32068339     0.94479615    -0.18643336     0.93430038    -0.30385094    -0.98016335    -0.15570791     0.12261665
    0.97251514    -0.21652992   -0.085610148    0.089326051   0.0074141405     0.99597484    -0.21502362    -0.97624783    0.026552126
    0.47871043    -0.47452823    -0.73868754     0.19518139     0.87782088    -0.43741826     0.85600266    0.065218618     0.51284109
    0.30741332     0.25084353    -0.91791861 -0.00025570562      0.9646515     0.26352879     0.95157605   -0.080777541     0.29661086
    0.71608176      0.4263506     0.55267719     0.34095927     0.47724572    -0.80992796    -0.60907609     0.76841505     0.19637876
    0.27487032   -0.048509288     0.96025682    -0.56351861     0.80108313     0.20177364    -0.77903343    -0.59658417     0.19285809
    0.74816959     0.26266848    -0.60930086     0.35923798     0.61170274     0.70481759     0.55784437    -0.74620709     0.36329689
    0.63255096    -0.20426447     0.74709793    -0.34432946      0.7898655     0.50749356    -0.69376978    -0.57826336     0.42929591
    0.81794793    0.039114211     0.57396102     0.47715266     0.51122347    -0.71482578    -0.32138219      0.8585573     0.39949073
    0.93575091    -0.13484128     0.32586511    -0.29322998      0.2158542     0.93135554    -0.19592453    -0.96707021     0.16244626
     0.8574873   -0.071254847    -0.50954712     0.50047801     0.34519503      0.7939535      0.1193201    -0.93582217     0.33166184
    0.30954051   -0.017305625    -0.95072877   -0.053733836     0.99791838   -0.035659382     0.94936681    0.062124327     0.30796626
    0.48875052     0.65190525    -0.57977795      0.3021029     0.49697917     0.81347744     0.81844778    -0.57274012    0.045956359
    0.51191037     0.59303133    -0.62149949     0.21978851     0.60898442     0.76212268     0.83044613    -0.52673695     0.18140397
    0.86774923    -0.20478175     0.45285286    -0.28454482     0.54235659     0.79049578    -0.40748684    -0.81480904     0.41235993
    0.87441194    -0.17060559     0.45419985    -0.35238916     0.42016617     0.83623099    -0.33350509    -0.89126546     0.30727876
    0.78397362     0.10290483    -0.61220582    -0.49667557     0.69558568    -0.51910879      0.3724228     0.71103527     0.59643114
    0.91247535    -0.40619485   -0.048933405     0.17627815     0.28239419     0.94296317    -0.36920827    -0.86905654     0.32928101
    0.93552958    -0.14265127     0.32316408    -0.31805107    0.057935377     0.94630175    -0.15371378    -0.98807596   0.0088298687
    0.89271574    -0.38531971    -0.23363929  -0.0034711931     0.51258822    -0.85862755     0.45060687     0.76732134     0.45625805
    0.87430341    -0.07803676    -0.47906556     0.43371875     0.56869708     0.69890749     0.21790271    -0.81883692      0.5310598
     0.1629097    0.082822596    -0.98315861    -0.31788672     0.94773947    0.027164909     0.93402809     0.30810764     0.18072415
    0.69743652     0.12251464    -0.70609664     0.20494857     0.91003046     0.36033407     0.68671565    -0.39602363     0.60957928
    0.33743847    -0.20681847     -0.9183471    -0.43673482     0.82982296    -0.34735651     0.83390526     0.51828561     0.18968937
    0.96242224     0.12050616     0.24335509     0.10638438     0.65720318    -0.74616777    -0.24985155     0.74401764     0.61968698
    0.50597748     0.16594555    -0.84643303    -0.47920581     0.87001821    -0.11588831       0.717181      0.4642525     0.51973169
    0.34588657    0.068693985     0.93575831     0.34878781     0.91643501    -0.19619873    -0.87103935      0.3942436     0.29302293
    0.93907437    -0.29004363     0.18442893     0.19047904  -0.0074920054    -0.98166267     0.28610674      0.9569841    0.048211682
    0.85798016    -0.15338932     0.49024663    -0.26233896     0.68969083     0.67491098    -0.44164274    -0.70767102     0.55150106
    0.76734432     0.14519496    -0.62458075    -0.58699762     0.55110641    -0.59305609      0.2581017     0.82170564     0.50811747
    0.87948246      0.4039866    -0.25160569    0.035275337     0.47187353     0.88096028     0.47462221     -0.7836646     0.40075373
    0.52375954     0.42942941    -0.73570804     0.28353677     0.72652006     0.62591973     0.80329499    -0.53643171     0.25876278
    0.70747454     0.17193713    -0.68550522   -0.035420159     0.97736264     0.20858494     0.70585069    -0.12328783     0.69754922
    0.51351964     0.26922159     0.81474985     0.26669191     0.85240604    -0.44975479    -0.81558139     0.44824511     0.36592802
    0.58233751     0.67262332    -0.45657518    0.070687209     0.51760738     0.85269333      0.8098681    -0.52882934     0.25387633
     0.9927961    -0.06869998    0.098164191     -0.0905175     0.10673516     0.99015867   -0.078501452    -0.99191125    0.099747699
     0.7073029     -0.2338715    -0.66710323     -0.2447723      0.8042872    -0.54148742     0.66318106     0.54628402     0.51162941
    0.30714589     0.58453878    -0.75098324     0.31107575     0.68411096     0.65971515     0.89938495    -0.43624146    0.028286029
    0.49134141    0.045483914     0.86977861    -0.06750752     0.99762006   -0.014033945    -0.86834691   -0.051821139     0.49324255
     0.8039886    -0.44838367     0.39058215 -0.00018565957     0.65664348      0.7542011    -0.59464468     -0.6064416     0.52785063
    0.33861035    -0.30286882     0.89084988    -0.15312845     0.91641963     0.36976579    -0.92838284    -0.26162099     0.26393134
    0.82762521    -0.15153816     0.54043751     0.55014743     0.40984443    -0.72757498    -0.11123993      0.8994797     0.42256591
    0.91150616      -0.284045    -0.29744742    -0.25585028     0.17464458    -0.95081013     0.32202044     0.94277129    0.086516622
    0.88152211    -0.32571193     0.34180477    0.041930863     0.77509065     0.63045721    -0.47027711     -0.5414298     0.69691693
    0.98622964    0.047034051     0.15855251     0.14664202      0.1945757    -0.96986412   -0.076467104      0.9797592     0.18499915
    0.38505896    -0.41442649    -0.82460917    -0.30465558     0.78633824    -0.53745432     0.87115703     0.45817339     0.17652925
    0.94450032    -0.31346404   -0.098282455     0.24283209     0.46469523     0.85152271    -0.22125036     -0.8281296     0.51502392
    0.43815947    -0.37384867     0.81746771    -0.34768903     0.76814294     0.53765115    -0.82893221     -0.5198015     0.20658602
     0.7108575    -0.19222321     0.67655884     0.17893153     0.97970424    0.090349971    -0.68019492    0.056831755     0.73082489
    0.77749546    -0.23613617     0.58287264     -0.1243711      0.8507906     0.51057535    -0.61646787    -0.46946253     0.63211731
    0.92659687      0.2699807    -0.26177979    -0.37602815     0.67367536    -0.63621093   0.0045899228     0.68794762     0.72574582
