 -0.0017821803 -0.00025279176  3.4007169e-05 -0.00025279176   0.0051801895  0.00077792989  3.4007169e-05  0.00077792989  -0.0013242338
 -0.0014337625  0.00013662582  1.2324318e-05  0.00013662582   0.0050200868  0.00021201974  1.2324318e-05  0.00021201974  -0.0014372723
  -0.001334465  0.00023932492  0.00020632969  0.00023932492   0.0041784922  0.00054500192  0.00020632969  0.00054500192  -0.0012365533
  -0.002014547  0.00083758879 -0.00016054727  0.00083758879   0.0052281809   0.0003563409 -0.00016054727   0.0003563409  -0.0013570291
  -0.001693603  0.00091962394  0.00022542392  0.00091962394   0.0045337218  0.00024123869  0.00022542392  0.00024123869  -0.0011700909
-0.00055592248 -0.00023265398  0.00025225891 -0.00023265398   0.0034727999  0.00029408782  0.00025225891  0.00029408782  -0.0013712996
 -0.0014579752 -0.00025122953 -8.7460619e-05 -0.00025122953   0.0038460646   0.0011014781 -8.7460619e-05   0.0011014781 -0.00021009561
-0.00086887198 -0.00054614262 -9.6229648e-05 -0.00054614262   0.0035650142  0.00049637084 -9.6229648e-05  0.00049637084 -0.00075164711
 -0.0011416327 -0.00032296819  0.00012797835 -0.00032296819   0.0040249137  0.00051231391  0.00012797835  0.00051231391  -0.0010373894
-0.00075811208  0.00019277818 -6.6461717e-05  0.00019277818   0.0038819197  0.00060867222 -6.6461717e-05  0.00060867222  -0.0012240269
 -0.0015497047  0.00064328157 -7.9580628e-05  0.00064328157   0.0045848967  0.00054009153 -7.9580628e-05  0.00054009153  -0.0012157242
-0.00015761366 -0.00067517549  0.00021963546 -0.00067517549   0.0032959068 -0.00056667786  0.00021963546 -0.00056667786 -0.00079677219
-0.00031114383 -0.00067293873   0.0002596278 -0.00067293873   0.0031785204 -0.00075013505   0.0002596278 -0.00075013505 -0.00070446414
  -0.000970239 -0.00071977417 -0.00012201564 -0.00071977417   0.0035111464  -0.0007473296 -0.00012201564  -0.0007473296 -0.00092284114
 -0.0013935132 -0.00031327671 -0.00016883446 -0.00031327671   0.0047277725  8.7195552e-05 -0.00016883446  8.7195552e-05   -0.001369276
 -0.0013780891 -0.00034616983  -5.218198e-05 -0.00034616983   0.0048902654  -0.0001081413  -5.218198e-05  -0.0001081413   -0.001414421
 -0.0006620478  0.00042214032  0.00026784906  0.00042214032   0.0031523979  0.00050068338  0.00026784906  0.00050068338 -0.00049972243
-0.00088813076   0.0003865267  0.00025833721   0.0003865267   0.0032661883  0.00041756859  0.00025833721  0.00041756859  -0.0003368396
-0.00068906907  0.00071656554 -7.1487344e-05  0.00071656554   0.0030258392   0.0004650431 -7.1487344e-05   0.0004650431 -0.00054136515
  -0.001115713  0.00062103542 -0.00032960263  0.00062103542   0.0041136404  0.00016263697 -0.00032960263  0.00016263697 -0.00092005808
-0.00087360332  0.00038682832 -0.00010456233  0.00038682832   0.0037447883  7.2218273e-05 -0.00010456233  7.2218273e-05   -0.001024037
 -0.0014597865  0.00041725254  -0.0002723528  0.00041725254   0.0039973129 -0.00010355259  -0.0002723528 -0.00010355259 -0.00085870482
 -0.0012646769  0.00053354319   -0.000119862  0.00053354319   0.0042619836 -9.9161831e-05   -0.000119862 -9.9161831e-05   -0.001159953
 -0.0013907426  0.00055365217 -0.00010498795  0.00055365217   0.0045473922  0.00036854527 -0.00010498795  0.00036854527   -0.001291439
 -0.0012457329   0.0010362906  7.2575672e-05   0.0010362906   0.0054195413  0.00089981736  7.2575672e-05  0.00089981736  -0.0014849554
 -0.0013915525   0.0010105856  0.00012927458   0.0010105856   0.0042650519  0.00054345921  0.00012927458  0.00054345921 -0.00063960851
 -0.0015795318  0.00073638006  4.1447228e-05  0.00073638006     0.00464794  0.00048790669  4.1447228e-05  0.00048790669 -0.00089237112
 -0.0016410078  1.6752304e-05  0.00026742036  1.6752304e-05   0.0053204465  0.00052947617  0.00026742036  0.00052947617  -0.0016671709
 -0.0014508749  0.00015613424   0.0001027457  0.00015613424   0.0047261273  0.00014248199   0.0001027457  0.00014248199  -0.0015385878
 -0.0019018938 -1.0304996e-05 -2.7273994e-05 -1.0304996e-05    0.005157812  0.00055888341 -2.7273994e-05  0.00055888341  -0.0014703425
  -0.001636627  0.00013567522 -0.00014700719  0.00013567522   0.0050264337  0.00049146003 -0.00014700719  0.00049146003  -0.0015227821
  -0.001073866  0.00039397281  0.00010047163  0.00039397281    0.004239379 -0.00011094383  0.00010047163 -0.00011094383  -0.0013214859
 -0.0013253292  0.00040961881  4.1713959e-05  0.00040961881   0.0045804222  -0.0002438507  4.1713959e-05  -0.0002438507  -0.0011222539
-0.00093149806  0.00066261253  7.9815956e-07  0.00066261253   0.0044286716 -0.00026151015  7.9815956e-07 -0.00026151015  -0.0013086787
-0.00089851511  0.00068984925 -0.00016570301  0.00068984925   0.0039888944 -0.00029424061 -0.00016570301 -0.00029424061  -0.0011709925
 -0.0014296372 -0.00039509271 -2.7005729e-05 -0.00039509271    0.004984988 -0.00012275296 -2.7005729e-05 -0.00012275296   -0.001613976
 -0.0014893638 -0.00047407559 -6.4573099e-05 -0.00047407559    0.005450627  0.00018977303 -6.4573099e-05  0.00018977303  -0.0017314267
 -0.0012206437  -0.0004442085 -6.4881308e-05  -0.0004442085   0.0044584208  7.2310433e-05 -6.4881308e-05  7.2310433e-05  -0.0011028609
 -0.0014737068 -0.00025530502  -0.0003403203 -0.00025530502   0.0044470712   0.0002773968  -0.0003403203   0.0002773968  -0.0011847716
 -0.0015154735  2.9417667e-05   7.418292e-05  2.9417667e-05   0.0048918962  9.0714942e-05   7.418292e-05  9.0714942e-05  -0.0012786982
 -0.0016554239 -0.00063064888  0.00025572058 -0.00063064888   0.0050661061 -0.00028593164  0.00025572058 -0.00028593164  -0.0011639665
 -0.0013373481  0.00058903835  2.5087916e-05  0.00058903835   0.0046570166  4.5791203e-05  2.5087916e-05  4.5791203e-05  -0.0013637187
 -0.0015910689  0.00073910467   2.701836e-05  0.00073910467    0.004898476  0.00011844374   2.701836e-05  0.00011844374  -0.0014309993
  -0.001271166  0.00033593261  8.4285311e-05  0.00033593261   0.0044426971 -0.00049105499  8.4285311e-05 -0.00049105499  -0.0012614204
 -0.0014920706 -0.00055722317  4.8952041e-05 -0.00055722317    0.004789856 -0.00065030865  4.8952041e-05 -0.00065030865  -0.0011866037
 -0.0012478592 -0.00032809132  2.9606896e-05 -0.00032809132   0.0050264145 -5.9089549e-05  2.9606896e-05 -5.9089549e-05   -0.001781736
 -0.0017948749 -0.00024684656  1.9843701e-05 -0.00024684656   0.0052510542  0.00041380439  1.9843701e-05  0.00041380439  -0.0017208172
 -0.0016670699 -0.00028452877 -2.1001422e-05 -0.00028452877   0.0053565018  -0.0001982002 -2.1001422e-05  -0.0001982002  -0.0015162099
 -0.0015274212  0.00032724218  0.00022470885  0.00032724218   0.0049666929  0.00021486451  0.00022470885  0.00021486451  -0.0016422858
 -0.0015303887  0.00013369623   0.0001090061  0.00013369623   0.0044152872 -4.3145233e-05   0.0001090061 -4.3145233e-05  -0.0011995983
-0.00054246695 -0.00073000162 -3.3559895e-05 -0.00073000162   0.0038494035  0.00033474455 -3.3559895e-05  0.00033474455  -0.0011428932
 -0.0010592078  4.4691882e-05   0.0003200138  4.4691882e-05   0.0032578154  0.00067726532   0.0003200138  0.00067726532 -0.00045892264
 -0.0015907858  0.00048162513  3.1623549e-05  0.00048162513   0.0048648259  0.00036481982  3.1623549e-05  0.00036481982  -0.0011674715
 -0.0014436633  0.00068307217 -8.0707049e-05  0.00068307217   0.0052274224  0.00024795268 -8.0707049e-05  0.00024795268  -0.0016378565
 -0.0013843425  0.00054220165  0.00019497578  0.00054220165   0.0045197083  0.00013127652  0.00019497578  0.00013127652  -0.0011659215
 -0.0010364777  0.00085868273  0.00023291088  0.00085868273   0.0050119052  0.00015474024  0.00023291088  0.00015474024  -0.0014949251
 -0.0014366513  0.00073007239  0.00012487137  0.00073007239   0.0045140499  -1.451471e-05  0.00012487137  -1.451471e-05  -0.0010829698
  -0.001439783  0.00052924178    1.94806e-05  0.00052924178   0.0046589566 -6.4000449e-05    1.94806e-05 -6.4000449e-05   -0.001099704
 -0.0010177113 -3.6047228e-05   0.0001908973 -3.6047228e-05   0.0045500943 -0.00040303322   0.0001908973 -0.00040303322  -0.0014591563
 -0.0016239488  0.00059748098  0.00016129058  0.00059748098   0.0050512287  3.4361483e-05  0.00016129058  3.4361483e-05  -0.0016352798
 -0.0015092683  0.00058253628  -4.078392e-05  0.00058253628   0.0047063374 -0.00012192941  -4.078392e-05 -0.00012192941  -0.0014750554
 -0.0012987169   0.0001336271  0.00015712057   0.0001336271   0.0038406141 -0.00045908938  0.00015712057 -0.00045908938 -0.00099581842
 -0.0011201598    0.000313647 -0.00012553404    0.000313647   0.0041932653 -0.00045075542 -0.00012553404 -0.00045075542  -0.0010967473
 -0.0012943947  0.00077701385  9.1945725e-05  0.00077701385   0.0039436048 -0.00025672577  9.1945725e-05 -0.00025672577 -0.00062211128
  -0.001706086  0.00058722383 -0.00010693626  0.00058722383   0.0044641141 -0.00025804635 -0.00010693626 -0.00025804635   -0.001018803
 -0.0014024488 -0.00018016037  0.00012838818 -0.00018016037   0.0047256393 -0.00049751488  0.00012838818 -0.00049751488  -0.0014623631
 -0.0013557738  0.00078074946  0.00018552648  0.00078074946   0.0051264817  0.00028438344  0.00018552648  0.00028438344  -0.0015255667
 -0.0018198061   0.0006133489  6.8578871e-05   0.0006133489   0.0054422921 -8.9486799e-05  6.8578871e-05 -8.9486799e-05  -0.0014858391
 -0.0014558024  0.00077571584  0.00024571944  0.00077571584   0.0045457823  2.6894627e-05  0.00024571944  2.6894627e-05  -0.0011784597
 -0.0017680433  0.00084374776 -1.7435002e-06  0.00084374776    0.004940542 -8.7671181e-05 -1.7435002e-06 -8.7671181e-05  -0.0013990624
 -0.0015253294  0.00064401784  0.00026647099  0.00064401784   0.0047253591 -0.00014641125  0.00026647099 -0.00014641125  -0.0014381683
 -0.0019947535  0.00023756987  0.00030444528  0.00023756987   0.0045937603 -0.00058040336  0.00030444528 -0.00058040336  -0.0012228991
 -0.0013835075   0.0003901937  0.00010898823   0.0003901937   0.0048004728 -0.00033104399  0.00010898823 -0.00033104399  -0.0012803266
 -0.0020260267  0.00035567149  9.6322911e-05  0.00035567149     0.00502665  0.00050667598  9.6322911e-05  0.00050667598  -0.0010784864
 -0.0014223267 -0.00033351818  6.9644493e-06 -0.00033351818   0.0052752641  4.7725058e-05  6.9644493e-06  4.7725058e-05  -0.0016086498
 -0.0016958972  8.9472776e-05  0.00012130558  8.9472776e-05   0.0048165846  1.9202201e-05  0.00012130558  1.9202201e-05  -0.0013117424
 -0.0015848239  0.00044290493  -3.718445e-05  0.00044290493    0.005644597  0.00027866704  -3.718445e-05  0.00027866704  -0.0018113012
 -0.0016130675 -0.00043943438  6.8186632e-05 -0.00043943438   0.0046171001 -0.00015765174  6.8186632e-05 -0.00015765174  -0.0013495971
 -0.0015236732  0.00018840233  -0.0002508091  0.00018840233   0.0049758099 -5.4645972e-05  -0.0002508091 -5.4645972e-05  -0.0014716482
 -0.0012475571 -0.00044018452  8.8731553e-05 -0.00044018452   0.0053136793 -0.00014917186  8.8731553e-05 -0.00014917186  -0.0017993807
 -0.0010623464  0.00055351262  0.00028169002  0.00055351262   0.0045880316 -0.00017382978  0.00028169002 -0.00017382978  -0.0014169337
 -0.0013112539 -0.00046391296  0.00028247488 -0.00046391296   0.0046484321  -0.0002632449  0.00028247488  -0.0002632449  -0.0014155795
 -0.0014299982 -0.00033590275  0.00026291682 -0.00033590275   0.0046771438 -0.00042792779  0.00026291682 -0.00042792779    -0.00126683
  -0.001913572  4.0175979e-05  0.00017537941  4.0175979e-05   0.0053834566  0.00036386068  0.00017537941  0.00036386068  -0.0014166881
  -0.001688086 -9.7900095e-06  8.8643344e-05 -9.7900095e-06   0.0052153541  0.00017165953  8.8643344e-05  0.00017165953  -0.0017015262
  -0.001932702  0.00026272189 -1.1249477e-05  0.00026272189   0.0049940954   0.0005806949 -1.1249477e-05   0.0005806949  -0.0010346292
 -0.0015476069  5.1630046e-05  0.00020435855  5.1630046e-05   0.0049650055  6.0102094e-06  0.00020435855  6.0102094e-06  -0.0014149831
 -0.0011579141  1.2053375e-05  8.9551797e-05  1.2053375e-05    0.004756499 -0.00018343715  8.9551797e-05 -0.00018343715  -0.0014988736
 -0.0018087453  0.00023611168  1.6537559e-05  0.00023611168   0.0052723132 -9.1702415e-05  1.6537559e-05 -9.1702415e-05  -0.0015008645
 -0.0016107856  0.00029374907  8.1576986e-05  0.00029374907   0.0049878334  0.00020535876  8.1576986e-05  0.00020535876  -0.0012587137
  -0.001853163  0.00024199543 -2.1228412e-05  0.00024199543   0.0052078437  0.00034628697 -2.1228412e-05  0.00034628697   -0.001412296
 -0.0015668297  0.00042780913  3.5762329e-05  0.00042780913    0.004561409 -0.00034303314  3.5762329e-05 -0.00034303314  -0.0012586801
 -0.0013976207  0.00045635862 -7.5538278e-05  0.00045635862   0.0044971139   0.0001108833 -7.5538278e-05   0.0001108833  -0.0012690581
 -0.0015727007  0.00022313327  8.8961761e-05  0.00022313327   0.0049150265  1.1123066e-05  8.8961761e-05  1.1123066e-05  -0.0014284485
 -0.0018595745  0.00040705928  8.3139031e-05  0.00040705928   0.0051413414  0.00035142782  8.3139031e-05  0.00035142782   -0.001296711
 -0.0013199474   -0.001276561   -1.70399e-05   -0.001276561   0.0051214397 -5.6603581e-05   -1.70399e-05 -5.6603581e-05  -0.0016120079
 -0.0017010331 -0.00049875444 -6.3187643e-05 -0.00049875444   0.0050504537  0.00028161127 -6.3187643e-05  0.00028161127  -0.0015398829
 -0.0010006656  0.00040300295 -0.00030834476  0.00040300295   0.0039426577  4.5630699e-05 -0.00030834476  4.5630699e-05  -0.0008104085
-0.00096251265  9.5846581e-05 -0.00011822006  9.5846581e-05   0.0042571208  0.00060198867 -0.00011822006  0.00060198867  -0.0012241088
 -0.0014052913  0.00048239404 -0.00034746474  0.00048239404    0.004366484   0.0005275029 -0.00034746474   0.0005275029  -0.0013073769
 -0.0013032959  0.00070782247  5.9708926e-05  0.00070782247   0.0045544787  0.00070483589  5.9708926e-05  0.00070483589   -0.001317272
-0.00075448652  0.00065048245  6.1603431e-06  0.00065048245   0.0031716731 -0.00014167818  6.1603431e-06 -0.00014167818 -0.00029519049
-0.00041152177  0.00045087207  2.5642139e-05  0.00045087207   0.0030334517  -0.0001643943  2.5642139e-05  -0.0001643943 -0.00069323754
-0.00082436321  0.00050792199  2.4369157e-05  0.00050792199   0.0034329726 -0.00013980112  2.4369157e-05 -0.00013980112 -0.00055747018
-0.00065811327  0.00061983959 -0.00019924775  0.00061983959   0.0033549965  -0.0004718974 -0.00019924775  -0.0004718974 -0.00077567718
-0.00081263119  0.00076891114 -0.00010581998  0.00076891114   0.0036239835 -0.00066832193 -0.00010581998 -0.00066832193 -0.00088359218
-0.00057378124   0.0005808341 -0.00029413918   0.0005808341   0.0037158085 -0.00042263208 -0.00029413918 -0.00042263208 -0.00087769512
 -0.0005734709   0.0007858341 -0.00012027549   0.0007858341   0.0040094739 -0.00025535061 -0.00012027549 -0.00025535061  -0.0013574399
-0.00059456172   0.0005006273 -9.4501213e-05   0.0005006273   0.0034138402 -0.00045342018 -9.4501213e-05 -0.00045342018 -0.00092797702
-0.00087919901  1.2365001e-06  0.00041408008  1.2365001e-06   0.0027136708  0.00041978268  0.00041408008  0.00041978268 -0.00043360994
 -0.0002274256  7.8828554e-05  2.4929824e-05  7.8828554e-05   0.0030873153  0.00064269598  2.4929824e-05  0.00064269598 -0.00063070244
-0.00069718541  0.00049835917 -0.00010261696  0.00049835917   0.0031130934  0.00058385396 -0.00010261696  0.00058385396 -0.00067068357
-0.00082403465 -6.5467667e-05 -0.00020166633 -6.5467667e-05    0.003170497  0.00065423611 -0.00020166633  0.00065423611 -0.00066039638
 -0.0004365963  0.00068867867  0.00022743902  0.00068867867   0.0031569176  0.00058775421  0.00022743902  0.00058775421 -0.00081611918
-0.00073438214  1.9545452e-05  0.00013561084  1.9545452e-05   0.0034437689  0.00055555251  0.00013561084  0.00055555251 -0.00086203167
-0.00052662925  0.00045510344 -8.8446714e-05  0.00045510344    0.003067691  0.00046828218 -8.8446714e-05  0.00046828218 -0.00059046109
-0.00079924084  0.00055083152  6.0827009e-05  0.00055083152   0.0034375486  0.00057148891  6.0827009e-05  0.00057148891 -0.00069188386
-0.00096038489  0.00029977382 -0.00014024699  0.00029977382   0.0032184872  0.00058122353 -0.00014024699  0.00058122353 -0.00061094171
-0.00065924771  0.00040537413   0.0001704944  0.00040537413   0.0031395025  0.00058773564   0.0001704944  0.00058773564  -0.0008870323
-0.00061432439   0.0004409145  9.2465311e-05   0.0004409145   0.0035368062  0.00044982739  9.2465311e-05  0.00044982739  -0.0010292434
-0.00090532335  0.00050682637 -7.2251135e-05  0.00050682637   0.0036122453   0.0004574147 -7.2251135e-05   0.0004574147 -0.00062874401
-0.00073854394  0.00061239045  0.00018286566  0.00061239045   0.0034092953  0.00062887525  0.00018286566  0.00062887525 -0.00069074444
 -0.0013368271  0.00053627831    8.38606e-06  0.00053627831   0.0043307907   0.0002283273    8.38606e-06   0.0002283273  -0.0010931551
 -0.0016327716  0.00054049417  0.00020227335  0.00054049417   0.0042447066  0.00033141412  0.00020227335  0.00033141412  -0.0011361711
 -0.0016340622   0.0012598392  -5.962833e-05   0.0012598392   0.0046098211  0.00020109473  -5.962833e-05  0.00020109473  -0.0012703763
 -0.0014565105  0.00081622734 -0.00016796883  0.00081622734   0.0040028115  0.00036607472 -0.00016796883  0.00036607472  -0.0010305065
 -0.0014929254  0.00039499342 -6.7731843e-06  0.00039499342    0.004545152 -0.00047550085 -6.7731843e-06 -0.00047550085  -0.0012724185
 -0.0016003368  0.00023678633 -7.7181583e-05  0.00023678633   0.0043183187 -0.00014062577 -7.7181583e-05 -0.00014062577  -0.0010318401
 -0.0017305441  0.00053170925 -0.00015198723  0.00053170925     0.00483398  0.00015007968 -0.00015198723  0.00015007968   -0.001363566
 -0.0016598007  0.00014181956 -0.00016731934  0.00014181956   0.0051234423  0.00057211301 -0.00016731934  0.00057211301   -0.001423422
 -0.0015450399 -0.00031844044  5.6227426e-05 -0.00031844044   0.0052516645 -8.6414413e-05  5.6227426e-05 -8.6414413e-05  -0.0015579375
 -0.0019154371  0.00018347764  6.4855439e-05  0.00018347764   0.0052825232  3.0183174e-06  6.4855439e-05  3.0183174e-06  -0.0014408252
 -0.0014251407  0.00012800869  0.00018227027  0.00012800869   0.0048025996  -0.0001438375  0.00018227027  -0.0001438375  -0.0013324164
-0.00081483596  0.00029268652  1.5379271e-05  0.00029268652   0.0030746177  6.1495366e-05  1.5379271e-05  6.1495366e-05 -0.00027602431
-0.00029608278 -1.3538165e-05 -4.6308077e-05 -1.3538165e-05   0.0027843169 -5.7091161e-05 -4.6308077e-05 -5.7091161e-05 -0.00066606701
-0.00051506798    -0.00033927  4.8421937e-05    -0.00033927   0.0027885567  0.00013584725  4.8421937e-05  0.00013584725 -0.00038032054
-0.00054920196 -0.00034402225  2.5241985e-05 -0.00034402225   0.0029003695   0.0002499319  2.5241985e-05   0.0002499319 -0.00056775347
-0.00049869534  0.00057419696  0.00017279391  0.00057419696   0.0030331732  0.00049691405  0.00017279391  0.00049691405 -0.00050541467
-0.00018319628 -0.00050750151   0.0001600716 -0.00050750151   0.0026390239 -0.00031478953   0.0001600716 -0.00031478953 -0.00073860852
-0.00050947755  -0.0004326794  0.00020836045  -0.0004326794   0.0030638511   5.757119e-05  0.00020836045   5.757119e-05 -0.00055975245
-0.00062308021 -0.00052201513 -2.2722916e-05 -0.00052201513   0.0032091955  -0.0001877458 -2.2722916e-05  -0.0001877458 -0.00073580851
-0.00053886871  8.1636892e-05 -0.00014770084  8.1636892e-05   0.0031514185  8.7865377e-05 -0.00014770084  8.7865377e-05 -0.00075619007
-0.00052989257 -0.00030186921 -0.00014034255 -0.00030186921   0.0033644234  0.00036427889 -0.00014034255  0.00036427889 -0.00086152953
-0.00065701379  5.1641351e-05  0.00011784002  5.1641351e-05    0.003140839  0.00048605453  0.00011784002  0.00048605453  -0.0004954212
-0.00028323682  -0.0004859204 -5.6712773e-05  -0.0004859204   0.0028785109 -0.00023037871 -5.6712773e-05 -0.00023037871 -0.00065761872
 -0.0007427807  0.00021424963  0.00026047375  0.00021424963   0.0029166465  0.00053668069  0.00026047375  0.00053668069 -0.00062841965
-0.00086385123   0.0004712787 -0.00017309004   0.0004712787   0.0033623694   0.0002723082 -0.00017309004   0.0002723082 -0.00091497876
 -0.0004573676 -0.00028682691 -0.00015876009 -0.00028682691    0.002697986  3.9474569e-05 -0.00015876009  3.9474569e-05 -0.00050951254
-0.00027308906 -6.1594803e-05 -0.00014717049 -6.1594803e-05   0.0027422587 -0.00077975553 -0.00014717049 -0.00077975553 -0.00047889997
-0.00014133401  0.00020564301 -3.0588595e-06  0.00020564301   0.0025899472 -0.00035661587 -3.0588595e-06 -0.00035661587 -0.00063467756
-0.00018271926 -9.2892887e-05 -2.2996827e-05 -9.2892887e-05   0.0028049225 -0.00017608105 -2.2996827e-05 -0.00017608105  -0.0007807333
-0.00043308827 -5.5004722e-06 -9.5256837e-05 -5.5004722e-06   0.0032327728 -0.00030529441 -9.5256837e-05 -0.00030529441 -0.00091526852
-0.00046820064 -0.00041829204 -0.00032742548 -0.00041829204   0.0032445507  3.3627137e-05 -0.00032742548  3.3627137e-05 -0.00076316728
 -0.0010558542 -0.00047805641 -1.2893181e-05 -0.00047805641   0.0042226507 -0.00045102117 -1.2893181e-05 -0.00045102117  -0.0010148718
 -0.0014843392 -0.00065933854 -0.00015385379 -0.00065933854   0.0047623261 -0.00038324581 -0.00015385379 -0.00038324581  -0.0010859827
-0.00088033471 -0.00013082009   -0.000157715 -0.00013082009   0.0038885677 -0.00040652318   -0.000157715 -0.00040652318 -0.00097817826
-0.00098225793  -0.0008312647 -4.6249266e-05  -0.0008312647    0.003980629 -0.00034023997 -4.6249266e-05 -0.00034023997  -0.0011946721
 -0.0011767696 -0.00046881794 -0.00024088047 -0.00046881794   0.0042433981 -0.00037120382 -0.00024088047 -0.00037120382  -0.0011817293
 -0.0011376599  -0.0005684194 -0.00014884527  -0.0005684194   0.0047022298 -0.00010815324 -0.00014884527 -0.00010815324  -0.0013709027
 -0.0013649018 -0.00090586203  0.00019029614 -0.00090586203   0.0043429333 -0.00028861288  0.00019029614 -0.00028861288  -0.0011320175
 -0.0015549477 -8.6490136e-05 -4.3638421e-05 -8.6490136e-05   0.0050012849  0.00026806197 -4.3638421e-05  0.00026806197  -0.0016183949
 -0.0016727829  0.00020106265 -5.7372461e-05  0.00020106265    0.005181831  0.00055888004 -5.7372461e-05  0.00055888004  -0.0013301628
 -0.0018320889  0.00022794316  2.8621411e-05  0.00022794316   0.0055620473   0.0003129775  2.8621411e-05   0.0003129775  -0.0013459933
 -0.0016974578   0.0004937828  5.6641695e-05   0.0004937828    0.004715574 -0.00033283513  5.6641695e-05 -0.00033283513 -0.00094829132
 -0.0018707089  -7.235144e-05  0.00035701962  -7.235144e-05   0.0047320387   3.557295e-05  0.00035701962   3.557295e-05  -0.0012844275
-0.00090614573  0.00031339795  1.0505285e-05  0.00031339795   0.0038898753 -0.00012012989  1.0505285e-05 -0.00012012989  -0.0009140426
-0.00099954007   0.0010643654 -0.00021263375   0.0010643654   0.0035153517  0.00020199789 -0.00021263375  0.00020199789 -0.00035955141
 -0.0008655475  0.00046872679 -0.00011888445  0.00046872679   0.0035915748  2.0949826e-05 -0.00011888445  2.0949826e-05 -0.00096947048
 -0.0012274929   0.0011687582  0.00014045976   0.0011687582    0.003936174 -9.3765339e-05  0.00014045976 -9.3765339e-05  -0.0010036254
-0.00067879023  0.00091601401 -0.00036213564  0.00091601401   0.0040639409 -8.0451734e-06 -0.00036213564 -8.0451734e-06  -0.0011790688
 -0.0006953955  0.00092547425 -0.00018623388  0.00092547425   0.0034748969 -0.00022238719 -0.00018623388 -0.00022238719 -0.00081129388
 -0.0009119836   0.0008511475  0.00014115081   0.0008511475   0.0037208614 -0.00061596228  0.00014115081 -0.00061596228 -0.00088066131
  -0.001131806  0.00032587977  0.00012315648  0.00032587977   0.0036518918 -0.00017135888  0.00012315648 -0.00017135888 -0.00062065433
-0.00074430976  0.00050519409  2.3982328e-05  0.00050519409   0.0030829519 -0.00068488058  2.3982328e-05 -0.00068488058 -0.00060581832
 -0.0011787933  0.00066576479 -0.00019962685  0.00066576479   0.0039944729 -0.00021832928 -0.00019962685 -0.00021832928 -0.00050533529
-0.00079820964  0.00051959075  -0.0002705386  0.00051959075   0.0036189943 -0.00028964323  -0.0002705386 -0.00028964323 -0.00078995826
 -0.0010140778   0.0010972311  3.4688343e-06   0.0010972311   0.0043467976  0.00011893504  3.4688343e-06  0.00011893504  -0.0014066085
 -0.0016131212   0.0008680614 -0.00021441333   0.0008680614   0.0044345954  0.00022667336 -0.00021441333  0.00022667336  -0.0011771746
 -0.0013609486   0.0002624754   -0.000110193   0.0002624754   0.0051176069  0.00022798601   -0.000110193  0.00022798601  -0.0012504604
 -0.0012886521  0.00077985087  -2.529149e-05  0.00077985087   0.0041722738  0.00035368042  -2.529149e-05  0.00035368042 -0.00098020753
 -0.0013196054  0.00070545041 -0.00010065163  0.00070545041   0.0044108128  0.00038657744 -0.00010065163  0.00038657744   -0.001062478
-0.00090787648  0.00075692819 -1.5357846e-05  0.00075692819    0.004750535  0.00046095077 -1.5357846e-05  0.00046095077  -0.0017009436
 -0.0010540701  0.00082798194  -0.0001313498  0.00082798194    0.003829634  0.00012993418  -0.0001313498  0.00012993418 -0.00089838185
-0.00095495801  0.00056908097 -0.00016213545  0.00056908097   0.0042463102  1.4983866e-05 -0.00016213545  1.4983866e-05  -0.0012672506
-0.00094218267  0.00075469834  -0.0001980762  0.00075469834   0.0037783796  8.9523222e-05  -0.0001980762  8.9523222e-05  -0.0010735615
 -0.0014135769  0.00082300601 -0.00015671419  0.00082300601   0.0048905953  0.00037894645 -0.00015671419  0.00037894645  -0.0014241096
-0.00090783217   0.0011206921 -0.00011951577   0.0011206921   0.0031740798  0.00011036767 -0.00011951577  0.00011036767 -0.00080364484
 -0.0011757699  0.00090373159 -3.9550229e-05  0.00090373159   0.0042724834  0.00066661582 -3.9550229e-05  0.00066661582  -0.0012045808
-0.00095522557 -7.7149733e-05 -0.00015281667 -7.7149733e-05   0.0035241404  0.00014579094 -0.00015281667  0.00014579094 -0.00068225501
-0.00068570212  0.00048108375  0.00010336981  0.00048108375   0.0032866672  0.00017041072  0.00010336981  0.00017041072  -0.0006981727
-0.00083396349  0.00016422121 -7.6152411e-06  0.00016422121   0.0029596724   0.0001936678 -7.6152411e-06   0.0001936678 -0.00054320686
-0.00056896729  0.00029494728 -2.9166176e-05  0.00029494728   0.0026941971  0.00013607223 -2.9166176e-05  0.00013607223 -0.00040981954
-0.00096272332  0.00025454546  0.00030054651  0.00025454546   0.0033040237  0.00051677908  0.00030054651  0.00051677908 -0.00039373078
-0.00079206889  0.00060050986  -5.109526e-05  0.00060050986   0.0038612651 -0.00034084211  -5.109526e-05 -0.00034084211  -0.0010730705
-0.00042125213  0.00086657075  0.00015859868  0.00086657075   0.0032273073 -0.00024222927  0.00015859868 -0.00024222927 -0.00080482167
-0.00047211189  0.00070680364  0.00026018605  0.00070680364   0.0035784788  0.00016735295  0.00026018605  0.00016735295 -0.00081831099
-0.00068830024  0.00048771641 -0.00014823177  0.00048771641    0.003271392  8.6805483e-05 -0.00014823177  8.6805483e-05 -0.00060519167
 -0.0010527668  0.00019316405 -0.00019653944  0.00019316405   0.0037658629  5.4344965e-05 -0.00019653944  5.4344965e-05 -0.00061934265
-0.00059822812  0.00018407645 -7.2972475e-05  0.00018407645   0.0034413015  0.00016366771 -7.2972475e-05  0.00016366771 -0.00069009317
-0.00045377512  0.00044982425 -8.2694526e-05  0.00044982425   0.0028922624 -0.00014918624 -8.2694526e-05 -0.00014918624 -0.00063078703
-0.00081041191   0.0005152245 -0.00015585297   0.0005152245   0.0036698386  0.00036180153 -0.00015585297  0.00036180153 -0.00058187715
-0.00074296859  0.00072746313 -8.3365867e-05  0.00072746313    0.003431083  0.00019334238 -8.3365867e-05  0.00019334238 -0.00078575786
-0.00097218818  0.00011352118 -0.00017166947  0.00011352118   0.0036962236  9.7719814e-05 -0.00017166947  9.7719814e-05 -0.00079017132
-0.00063579038   0.0012373863  0.00016642728   0.0012373863   0.0032237982  0.00015004773  0.00016642728  0.00015004773 -0.00080326425
 -0.0011344424  0.00034472678  -0.0001399416  0.00034472678   0.0031926384  0.00012905622  -0.0001399416  0.00012905622 -0.00013803174
-0.00059952329  0.00071372037 -9.2051491e-05  0.00071372037   0.0034813266 -0.00037169691 -9.2051491e-05 -0.00037169691 -0.00080285967
-0.00063828445  0.00079633206 -3.7092326e-05  0.00079633206   0.0030074062 -0.00038989531 -3.7092326e-05 -0.00038989531 -0.00058387472
-0.00063301346  0.00043516531  4.5955123e-06  0.00043516531   0.0030763393 -0.00049980957  4.5955123e-06 -0.00049980957 -0.00045125138
-0.00037209723  0.00041813858 -0.00010830743  0.00041813858   0.0025229135 -0.00096853886 -0.00010830743 -0.00096853886 -0.00035973237
-0.00052140083  0.00032554099 -4.7879342e-05  0.00032554099   0.0030262387 -0.00062834818 -4.7879342e-05 -0.00062834818 -0.00072951563
-0.00080006007  0.00070228018  7.2481097e-05  0.00070228018   0.0030896001 -0.00036224564  7.2481097e-05 -0.00036224564 -0.00046245703
-0.00034878153   0.0005313914  2.2635777e-05   0.0005313914   0.0029001576 -0.00017312178  2.2635777e-05 -0.00017312178 -0.00045140052
-0.00053707138  0.00048226272 -2.7095364e-05  0.00048226272   0.0035296094 -1.5717446e-05 -2.7095364e-05 -1.5717446e-05 -0.00074936857
-0.00051253653  0.00074182415  0.00020024064  0.00074182415   0.0030039757   7.966186e-05  0.00020024064   7.966186e-05 -0.00079262296
-0.00090699353  0.00091878558 -7.7490827e-05  0.00091878558     0.00328739  0.00039486359 -7.7490827e-05  0.00039486359 -0.00046237651
-0.00043817705 -0.00033982945 -6.9569637e-07 -0.00033982945   0.0032067327  3.3130925e-05 -6.9569637e-07  3.3130925e-05 -0.00052193607
-0.00027690631  3.8722441e-05  4.3846862e-05  3.8722441e-05   0.0031317836  3.2068097e-07  4.3846862e-05  3.2068097e-07   -0.000703266
 -0.0007199731   0.0010122339  6.4951238e-05   0.0010122339    0.002822586 -0.00013286835  6.4951238e-05 -0.00013286835 -0.00060952046
-0.00056564056  0.00090266259   -5.85977e-06  0.00090266259   0.0028988298  6.3586894e-05   -5.85977e-06  6.3586894e-05 -0.00062747431
-0.00053401083  0.00046694546 -4.6375009e-05  0.00046694546   0.0031821088  0.00027691833 -4.6375009e-05  0.00027691833  -0.0009958013
-0.00071100507  0.00055336015  0.00025341873  0.00055336015   0.0033588007    0.000392125  0.00025341873    0.000392125  -0.0005755479
-0.00044927749  0.00029279338  -0.0001280655  0.00029279338   0.0029572822 -0.00045694834  -0.0001280655 -0.00045694834 -0.00049434254
-0.00036977013  0.00020217607 -0.00012603617  0.00020217607   0.0034335004 -6.3698462e-06 -0.00012603617 -6.3698462e-06 -0.00090458256
-0.00065637603  0.00089336642  2.0729282e-06  0.00089336642   0.0034425914 -0.00021281374  2.0729282e-06 -0.00021281374  -0.0009284987
-0.00070951306   0.0009521416  9.7084165e-05   0.0009521416   0.0036908397 -2.6451979e-05  9.7084165e-05 -2.6451979e-05  -0.0008787082
-0.00058051822   0.0005824632  0.00023890616   0.0005824632   0.0031629769  2.8453309e-05  0.00023890616  2.8453309e-05 -0.00062971285
-0.00090192303  0.00084786589 -1.0926813e-06  0.00084786589   0.0034703088  4.2018746e-05 -1.0926813e-06  4.2018746e-05 -0.00091016912
-0.00079359496    0.001207038  7.6476076e-05    0.001207038   0.0037474754 -0.00010596021  7.6476076e-05 -0.00010596021 -0.00099173375
-0.00054968098   0.0008392261  -6.278786e-06   0.0008392261   0.0036909319 -0.00044524519  -6.278786e-06 -0.00044524519 -0.00096781958
-0.00065478728  0.00057639513 -0.00015201056  0.00057639513   0.0035022753 -0.00040206941 -0.00015201056 -0.00040206941  -0.0008259314
-0.00092599268   0.0009854649  0.00032762601   0.0009854649   0.0033973989  0.00026938484  0.00032762601  0.00026938484  -0.0011293358
-0.00099076949  0.00056593752  -0.0001189594  0.00056593752   0.0040185871   4.767868e-05  -0.0001189594   4.767868e-05  -0.0010359979
 -0.0012462287   0.0011806492 -2.4312336e-05   0.0011806492   0.0041428871 -0.00025632438 -2.4312336e-05 -0.00025632438  -0.0011753864
 -0.0012251306    0.001072986 -3.4690906e-05    0.001072986   0.0040525874  0.00032321443 -3.4690906e-05  0.00032321443 -0.00059735591
 -0.0010271035  0.00070106286  8.8207674e-05  0.00070106286   0.0039257838 -0.00024678429  8.8207674e-05 -0.00024678429  -0.0010078782
 -0.0012136044  0.00078360742   0.0003172658  0.00078360742   0.0038896938 -0.00025273309   0.0003172658 -0.00025273309   -0.000896971
 -0.0013316407  0.00066557295 -5.8807704e-05  0.00066557295   0.0039185544 -0.00014138145 -5.8807704e-05 -0.00014138145 -0.00089884892
 -0.0014619011   0.0005135708  0.00017929228   0.0005135708    0.004348212 -1.9558787e-05  0.00017929228 -1.9558787e-05 -0.00076048318
-0.00069616732  0.00060090006 -3.3595446e-05  0.00060090006   0.0037121729  0.00011855998 -3.3595446e-05  0.00011855998  -0.0011159646
 -0.0010947509  0.00097595404   5.502998e-05  0.00097595404   0.0041860772  0.00017171107   5.502998e-05  0.00017171107  -0.0014660399
 -0.0010615429  0.00095288669  0.00010455673  0.00095288669   0.0040657237  0.00029106436  0.00010455673  0.00029106436  -0.0010049612
-0.00093694957   0.0011940202  0.00030997256   0.0011940202   0.0039244185  0.00018376162  0.00030997256  0.00018376162  -0.0013702728
 -0.0010114402  0.00096129982  5.5026645e-05  0.00096129982   0.0040450042 -5.5040549e-06  5.5026645e-05 -5.5040549e-06  -0.0012444452
-0.00039293539  0.00080518265  8.0131303e-06  0.00080518265   0.0032196465  5.5476261e-05  8.0131303e-06  5.5476261e-05  -0.0008578271
-0.00035218238  0.00092332064  0.00028860466  0.00092332064   0.0043343498 -4.3057077e-05  0.00028860466 -4.3057077e-05  -0.0015632674
-0.00024657127  0.00081396857  0.00025433817  0.00081396857    0.003475975  0.00028169095  0.00025433817  0.00028169095  -0.0010339545
 -0.0011388856   0.0007085772 -0.00039259976   0.0007085772   0.0039743738 -0.00012868899 -0.00039259976 -0.00012868899 -0.00066658424
 -0.0009368834  0.00075005344  2.4754108e-05  0.00075005344   0.0033452164 -0.00030786826  2.4754108e-05 -0.00030786826 -0.00067747334
-0.00055981823  0.00042578681  4.3201927e-05  0.00042578681   0.0033422753 -0.00013691387  4.3201927e-05 -0.00013691387  -0.0010510118
 -0.0012179568  0.00066031872 -0.00011871501  0.00066031872   0.0037530125 -0.00024835384 -0.00011871501 -0.00024835384 -0.00068660779
-0.00060745069  0.00076108782 -2.0287064e-05  0.00076108782    0.003008367  0.00032334756 -2.0287064e-05  0.00032334756 -0.00087055068
-0.00081982857  0.00075295369  6.5623787e-05  0.00075295369   0.0036345931 -0.00025087077  6.5623787e-05 -0.00025087077 -0.00084692397
-0.00040493513   0.0004989211 -4.7403436e-05   0.0004989211   0.0036512339   0.0001952829 -4.7403436e-05   0.0001952829  -0.0011814188
-0.00084867442  0.00080872491 -2.1525968e-05  0.00080872491   0.0035397728  -8.571767e-05 -2.1525968e-05  -8.571767e-05 -0.00084697082
 -0.0010727195   0.0006053062  0.00025286847   0.0006053062   0.0035269222 -0.00031884534  0.00025286847 -0.00031884534 -0.00088003609
-0.00072519974   0.0008319288  0.00014016498   0.0008319288   0.0034774947 -0.00021378315  0.00014016498 -0.00021378315 -0.00088097924
-0.00086293031   0.0009307221 -0.00014704604   0.0009307221   0.0034822898 -0.00048130952 -0.00014704604 -0.00048130952 -0.00069823661
 -0.0011573406  0.00061771791 -9.4676185e-05  0.00061771791   0.0042595748  2.7686339e-05 -9.4676185e-05  2.7686339e-05 -0.00099551546
-0.00045203144  0.00086342735 -0.00018089956  0.00086342735   0.0033172191 -0.00033166077 -0.00018089956 -0.00033166077 -0.00075423149
-0.00088104634  0.00075113448  -6.413572e-05  0.00075113448   0.0035638393 -0.00026686187  -6.413572e-05 -0.00026686187 -0.00074367252
-0.00079202947  0.00080314353  0.00026541393  0.00080314353   0.0037556344 -0.00025374311  0.00026541393 -0.00025374311  -0.0010380183
-0.00040636097   0.0006883099  2.0423908e-05   0.0006883099   0.0039789764  2.7646455e-05  2.0423908e-05  2.7646455e-05  -0.0013778084
-0.00061902126  0.00071841955  2.4145064e-05  0.00071841955   0.0031890213  -0.0002266339  2.4145064e-05  -0.0002266339 -0.00068315358
-0.00081022576  0.00050880606   8.187974e-05  0.00050880606    0.003841043 -0.00019812912   8.187974e-05 -0.00019812912  -0.0010345906
-0.00093072558  0.00070851837  0.00022425937  0.00070851837   0.0033109449 -0.00059830699  0.00022425937 -0.00059830699 -0.00071893731
 -0.0010333499   0.0011118209 -6.3681202e-05   0.0011118209   0.0035438858 -0.00010316793 -6.3681202e-05 -0.00010316793 -0.00064422303
-0.00071187814  0.00069343844  0.00014821026  0.00069343844   0.0035565811 -0.00013767893  0.00014821026 -0.00013767893  -0.0010413164
-0.00065527602  0.00071798581  2.9168626e-05  0.00071798581   0.0035323278 -0.00029672659  2.9168626e-05 -0.00029672659 -0.00071606479
 -0.0008515372  0.00070920417  0.00023257802  0.00070920417   0.0039778537  6.5025221e-05  0.00023257802  6.5025221e-05  -0.0012000659
 -0.0010223468  0.00071230003  0.00014800711  0.00071230003   0.0036512947 -0.00040003511  0.00014800711 -0.00040003511 -0.00086034014
-0.00072165167  0.00070160114  0.00016203839  0.00070160114   0.0035061295 -0.00020022136  0.00016203839 -0.00020022136 -0.00094900325
 -0.0011093358  0.00075725393  0.00021922969  0.00075725393   0.0034218123 -0.00016323928  0.00021922969 -0.00016323928  -0.0005167921
-0.00083615857  0.00093445027  6.2881893e-05  0.00093445027   0.0037206745  0.00031280604  6.2881893e-05  0.00031280604 -0.00090511457
 -0.0010244793   0.0011936359  6.9999688e-05   0.0011936359    0.003293671  0.00054879465  6.9999688e-05  0.00054879465 -0.00093684675
 -0.0010449038   0.0007499158   0.0001930566   0.0007499158   0.0039452211 -0.00037495228   0.0001930566 -0.00037495228 -0.00075184053
-0.00064810486  0.00088989968 -0.00018514796  0.00088989968   0.0031856163 -0.00035381234 -0.00018514796 -0.00035381234 -0.00083087605
-0.00062291067   0.0007844196 -0.00063847267   0.0007844196   0.0035847694 -0.00025760355 -0.00063847267 -0.00025760355 -0.00090568284
-0.00044017846   0.0009973284 -0.00044707321   0.0009973284   0.0034858812   0.0002263224 -0.00044707321   0.0002263224 -0.00080874805
-0.00078264109  0.00044130884  0.00014950497  0.00044130884   0.0032417435 -0.00022135731  0.00014950497 -0.00022135731 -0.00070645947
-0.00049103848   0.0006402338 -0.00018498058   0.0006402338   0.0031562012 -5.0423021e-05 -0.00018498058 -5.0423021e-05   -0.000761603
-0.00039055895    0.001030209   8.969858e-05    0.001030209   0.0036039021  7.5273476e-05   8.969858e-05  7.5273476e-05  -0.0010452608
-0.00096495928  0.00066076782  -0.0001408837  0.00066076782   0.0034163263  8.6654955e-05  -0.0001408837  8.6654955e-05 -0.00068423521
-0.00069227016   0.0007304022  -3.656913e-05   0.0007304022   0.0033319162 -1.8672809e-05  -3.656913e-05 -1.8672809e-05  -0.0007392419
 -0.0012005472   0.0010782621 -0.00012109383   0.0010782621   0.0040478408 -0.00031608653 -0.00012109383 -0.00031608653  -0.0009517113
 -0.0013551236  0.00096469544  4.7127348e-05  0.00096469544   0.0042987909  0.00015128073  4.7127348e-05  0.00015128073  -0.0011259124
-0.00075267202  0.00087747685  0.00018328337  0.00087747685   0.0033648877 -9.3173155e-05  0.00018328337 -9.3173155e-05 -0.00068881762
-0.00091151088  0.00084271172  9.4874733e-05  0.00084271172   0.0034671035  0.00017572311  9.4874733e-05  0.00017572311 -0.00095686857
-0.00066502017  0.00047332369  -8.443978e-06  0.00047332369   0.0034850302 -0.00016830737  -8.443978e-06 -0.00016830737 -0.00094708324
 -0.0010074516  0.00058247595  4.0275316e-05  0.00058247595   0.0041140921  0.00014996458  4.0275316e-05  0.00014996458  -0.0012979155
-0.00092722487   0.0010055908   0.0001165612   0.0010055908   0.0038114812  0.00017515513   0.0001165612  0.00017515513  -0.0010101002
-0.00054749273  0.00096059423  2.7111044e-05  0.00096059423   0.0030832079 -0.00026367082  2.7111044e-05 -0.00026367082 -0.00075301692
  -7.00691e-05  0.00070619495 -3.8534098e-05  0.00070619495   0.0033995684  0.00019209255 -3.8534098e-05  0.00019209255  -0.0013149984
 -0.0010092411  0.00038337229 -0.00017955059  0.00038337229   0.0043472655 -0.00015843128 -0.00017955059 -0.00015843128  -0.0010547404
-0.00050760677    0.001179648  0.00019394537    0.001179648   0.0039794017  0.00018895915  0.00019394537  0.00018895915  -0.0011852614
-0.00053617399  0.00016929329 -7.4499204e-05  0.00016929329   0.0034619434  -0.0001263785 -7.4499204e-05  -0.0001263785 -0.00096093224
 -0.0010425862   0.0010228051  0.00015976195   0.0010228051   0.0043958029  5.5107922e-05  0.00015976195  5.5107922e-05  -0.0010650178
-0.00044871544  0.00083235174  1.7735924e-05  0.00083235174    0.003476946 -2.7667331e-05  1.7735924e-05 -2.7667331e-05  -0.0011281926
-0.00023143061   0.0010389937  -4.361572e-05   0.0010389937    0.003478397   0.0003221373  -4.361572e-05   0.0003221373  -0.0011418083
-0.00042590604   0.0010782413  0.00034390681   0.0010782413   0.0035331832  7.7691585e-05  0.00034390681  7.7691585e-05  -0.0011298996
-0.00043265516  0.00098173443   0.0002062961  0.00098173443   0.0032026145 -0.00011226492   0.0002062961 -0.00011226492  -0.0007997819
 -0.0010150602  0.00060256152 -8.4065235e-05  0.00060256152   0.0042648096 -0.00018760311 -8.4065235e-05 -0.00018760311 -0.00093800421
-0.00044776728  0.00079844128  0.00031299813  0.00079844128   0.0035464092 -7.6874956e-05  0.00031299813 -7.6874956e-05  -0.0012466227
 -0.0010310601  0.00067599933  0.00016623395  0.00067599933   0.0043216196  -4.405903e-05  0.00016623395  -4.405903e-05  -0.0012372326
-0.00092445008  0.00068886543  0.00044222479  0.00068886543   0.0037080015 -0.00013262859  0.00044222479 -0.00013262859 -0.00084660624
 -0.0012165262  0.00037599389  0.00012566853  0.00037599389   0.0036284156  0.00014759762  0.00012566853  0.00014759762 -0.00078440104
-0.00070898338    0.001122467  0.00013686538    0.001122467   0.0035331769   0.0001665055  0.00013686538   0.0001665055  -0.0012709526
 -0.0010182322  0.00058103622 -0.00013334641  0.00058103622   0.0041694068  0.00018303671 -0.00013334641  0.00018303671  -0.0013163327
-0.00039898379  0.00092385053  8.2924227e-05  0.00092385053   0.0033354791  0.00018518709  8.2924227e-05  0.00018518709  -0.0011953733
-0.00059940425  0.00066669091 -0.00028976541  0.00066669091   0.0035292139  0.00012409659 -0.00028976541  0.00012409659  -0.0011675223
-0.00066463436  0.00078717795  3.1304793e-05  0.00078717795   0.0033004849 -0.00030305007  3.1304793e-05 -0.00030305007  -0.0007056817
-0.00097674389  2.2338118e-05  0.00014547249  2.2338118e-05   0.0033949986 -0.00028469062  0.00014547249 -0.00028469062 -0.00068025423
-0.00051783723  0.00098985021  2.5417982e-05  0.00098985021   0.0029353186  -0.0002600402  2.5417982e-05  -0.0002600402 -0.00060681049
 -0.0011164779   0.0010721387  0.00017524668   0.0010721387   0.0038884263  7.3821115e-05  0.00017524668  7.3821115e-05 -0.00099565305
-0.00044894147   0.0010557146 -0.00012412497   0.0010557146   0.0035046815  -0.0004109838 -0.00012412497  -0.0004109838  -0.0010565154
-0.00020569506  0.00052350469  0.00016976752  0.00052350469   0.0032953568 -0.00015551548  0.00016976752 -0.00015551548  -0.0010701278
 -0.0010900044   0.0011543176  0.00054302216   0.0011543176   0.0035140475 -0.00014730873  0.00054302216 -0.00014730873  -0.0012105397
 -0.0011132623  0.00086653634 -2.3987889e-05  0.00086653634   0.0042284313 -0.00041658366 -2.3987889e-05 -0.00041658366  -0.0012067501
-0.00054209459  0.00055693456   2.200516e-05  0.00055693456   0.0033365069 -0.00037692321   2.200516e-05 -0.00037692321 -0.00074114093
-0.00079071415   0.0010140442 -0.00022534416   0.0010140442   0.0035626281 -0.00050725721 -0.00022534416 -0.00050725721 -0.00084910356
-0.00079723436  0.00078657371  0.00014206321  0.00078657371   0.0028265201 -1.2402904e-05  0.00014206321 -1.2402904e-05 -0.00059289244
-0.00092879844  0.00055904055 -0.00014812773  0.00055904055   0.0039837676 -0.00015109182 -0.00014812773 -0.00015109182  -0.0010322285
-0.00060494705   0.0011471216  0.00010440895   0.0011471216   0.0037386816 -0.00014183686  0.00010440895 -0.00014183686  -0.0012779258
-0.00058887887  0.00026139875 -2.5874811e-05  0.00026139875   0.0028965572 -0.00036917505 -2.5874811e-05 -0.00036917505 -0.00050955603
-0.00072452247  0.00055944296 -0.00015878373  0.00055944296   0.0026926499 -0.00016902605 -0.00015878373 -0.00016902605 -0.00013152957
 -0.0011642628  0.00057931499  0.00011159681  0.00057931499   0.0034203783 -0.00016030336  0.00011159681 -0.00016030336 -0.00070995518
 -0.0012892707  0.00042634081 -0.00024231225  0.00042634081   0.0041970279 -0.00010836004 -0.00024231225 -0.00010836004  -0.0011540687
  -0.001698234  0.00032571844 -2.4461957e-05  0.00032571844    0.005003911  0.00022597905 -2.4461957e-05  0.00022597905   -0.001415135
 -0.0014756655  0.00091702351  2.4338845e-05  0.00091702351   0.0043938828 -1.5526791e-05  2.4338845e-05 -1.5526791e-05  -0.0012449809
 -0.0013300133  0.00027768825  -0.0003213947  0.00027768825   0.0048211894  0.00015308322  -0.0003213947  0.00015308322  -0.0015201292
 -0.0015557691  0.00037390626  4.1913501e-05  0.00037390626   0.0051899149   0.0006034438  4.1913501e-05   0.0006034438  -0.0016904423
 -0.0011144238  0.00056231608 -0.00012526054  0.00056231608    0.004469971  -0.0001435268 -0.00012526054  -0.0001435268    -0.00101813
 -0.0013491576  0.00039753296 -0.00027693673  0.00039753296   0.0041687943 -9.1563011e-05 -0.00027693673 -9.1563011e-05 -0.00099048221
 -0.0012933407   0.0004125721 -4.8624651e-06   0.0004125721   0.0040965407  3.6838222e-05 -4.8624651e-06  3.6838222e-05 -0.00098234021
 -0.0014484163  0.00069222038 -0.00016941706  0.00069222038   0.0047297367  0.00055988528 -0.00016941706  0.00055988528  -0.0013923877
 -0.0013310528    0.001036896 -6.8378157e-05    0.001036896   0.0047066794  0.00017876846 -6.8378157e-05  0.00017876846  -0.0014995771
 -0.0011634426  0.00071770108  3.3957244e-05  0.00071770108   0.0042170408 -2.6068289e-05  3.3957244e-05 -2.6068289e-05 -0.00091059578
 -0.0016090236   0.0010869205  0.00011732241   0.0010869205   0.0042328151  0.00021364592  0.00011732241  0.00021364592  -0.0010160471
 -0.0014583514  0.00055627606 -8.3631147e-05  0.00055627606   0.0040261252 -4.9845422e-05 -8.3631147e-05 -4.9845422e-05 -0.00084830322
 -0.0013446766  0.00061404414 -3.7613704e-05  0.00061404414   0.0050309834  0.00017322078 -3.7613704e-05  0.00017322078  -0.0014724023
-0.00094165171    0.000232434 -0.00020351505    0.000232434   0.0035342366  0.00016754345 -0.00020351505  0.00016754345  -0.0008347764
 -0.0011701835  0.00090304982  7.6044118e-05  0.00090304982   0.0036465515  0.00017736755  7.6044118e-05  0.00017736755  -0.0010141527
 -0.0011957079  0.00073432013 -0.00019567777  0.00073432013   0.0047145999  5.8106092e-05 -0.00019567777  5.8106092e-05  -0.0014740157
-0.00094067347  0.00036719083 -0.00037687071  0.00036719083    0.003535861  0.00032686038 -0.00037687071  0.00032686038 -0.00073320472
-0.00083494541  0.00016653922   -8.72204e-05  0.00016653922   0.0032331798  0.00020117283   -8.72204e-05  0.00020117283 -0.00052930144
 -0.0015546546 -2.4423153e-05 -7.5599405e-05 -2.4423153e-05   0.0043892132  3.0052303e-05 -7.5599405e-05  3.0052303e-05  -0.0010460333
-0.00061542392 -0.00037707256 -8.8259754e-05 -0.00037707256   0.0032783346  4.4717432e-06 -8.8259754e-05  4.4717432e-06 -0.00078843746
-0.00058185221 -0.00048180948 -1.0034629e-05 -0.00048180948   0.0025304272 -0.00035326186 -1.0034629e-05 -0.00035326186 -0.00055904891
-0.00056514919 -0.00010839212 -0.00019181973 -0.00010839212   0.0030324976 -0.00043169455 -0.00019181973 -0.00043169455 -0.00056059996
-0.00070028564  0.00012931277  0.00016294017  0.00012931277   0.0029948699 -8.9450412e-05  0.00016294017 -8.9450412e-05 -0.00064869189
-0.00093408957 -0.00037921413 -0.00012448284 -0.00037921413   0.0030497494  5.3104003e-05 -0.00012448284  5.3104003e-05 -0.00050221827
-0.00061496697 -0.00059721926 -0.00022587736 -0.00059721926   0.0037541277 -1.7477403e-06 -0.00022587736 -1.7477403e-06 -0.00093862236
 -0.0013686726  0.00016617446  0.00028809753  0.00016617446   0.0051129267  0.00011116936  0.00028809753  0.00011116936  -0.0014116053
 -0.0014595157 -0.00025923989  0.00015798752 -0.00025923989    0.004539494  7.5658553e-05  0.00015798752  7.5658553e-05  -0.0015499432
 -0.0017038348  0.00058480625 -5.7685497e-05  0.00058480625   0.0042809793  0.00029783967 -5.7685497e-05  0.00029783967  -0.0011117915
 -0.0015524256  0.00059541557  8.1254252e-05  0.00059541557   0.0045819432  0.00031879449  8.1254252e-05  0.00031879449  -0.0012624936
  -0.001338261    0.000599235  0.00011788963    0.000599235   0.0046946062  0.00011414634  0.00011788963  0.00011414634  -0.0013604165
 -0.0016340793  0.00057185561  0.00023373788  0.00057185561   0.0049515245  0.00032804178  0.00023373788  0.00032804178  -0.0014020654
 -0.0017081394  4.0709871e-05 -2.4690667e-05  4.0709871e-05   0.0048845571  7.3155121e-05 -2.4690667e-05  7.3155121e-05  -0.0013197529
 -0.0013226385  0.00072478699  8.2610525e-05  0.00072478699   0.0049766858   0.0001391467  8.2610525e-05   0.0001391467   -0.001639851
 -0.0012746786  0.00018066732 -0.00017866924  0.00018066732   0.0047745709 -0.00013039778 -0.00017866924 -0.00013039778  -0.0013216007
 -0.0016489365  0.00034667552 -0.00012136774  0.00034667552   0.0050022635  0.00014714532 -0.00012136774  0.00014714532  -0.0013398289
 -0.0015540068  0.00045045021 -1.3537397e-05  0.00045045021   0.0050700767   0.0002637966 -1.3537397e-05   0.0002637966  -0.0015686706
 -0.0013186352  0.00038319686  0.00017030997  0.00038319686    0.004475005 -7.3839037e-05  0.00017030997 -7.3839037e-05  -0.0011192173
 -0.0014613181  0.00042809184 -4.2299085e-06  0.00042809184   0.0053232693  0.00019965693 -4.2299085e-06  0.00019965693  -0.0017300953
 -0.0016025056  6.1852787e-06   0.0001254304  6.1852787e-06   0.0048559173  0.00012066151   0.0001254304  0.00012066151  -0.0013693965
 -0.0018134604 -0.00040051227 -3.0826119e-05 -0.00040051227   0.0052341738 -3.9251155e-05 -3.0826119e-05 -3.9251155e-05  -0.0012138418
 -0.0016170345 -0.00017484807  5.0441378e-05 -0.00017484807   0.0048413094  -0.0002921014  5.0441378e-05  -0.0002921014  -0.0012056976
 -0.0018817808 -3.5600865e-05  8.6478654e-05 -3.5600865e-05   0.0046874348  7.6219724e-05  8.6478654e-05  7.6219724e-05  -0.0011887167
 -0.0012723004 -0.00059730522  0.00035306941 -0.00059730522   0.0048853254  5.9751714e-05  0.00035306941  5.9751714e-05  -0.0016312307
  -0.001517942 -0.00040625795  6.0837335e-05 -0.00040625795   0.0045968282 -0.00024267203  6.0837335e-05 -0.00024267203  -0.0010669052
 -0.0017321218 -0.00017724864 -8.7569363e-06 -0.00017724864   0.0050733788  0.00079578472 -8.7569363e-06  0.00079578472  -0.0013711182
 -0.0013031362 -0.00016619886  0.00013783869 -0.00016619886   0.0051195695    0.000212481  0.00013783869    0.000212481  -0.0013131006
  -0.001549089  3.9151709e-05   0.0001745478  3.9151709e-05   0.0049849222  0.00015758835   0.0001745478  0.00015758835  -0.0013461447
-0.00082681352 -0.00094081278 -3.3508082e-05 -0.00094081278    0.003773762  5.2254275e-05 -3.3508082e-05  5.2254275e-05  -0.0010556421
 -0.0010856943 -0.00073723629 -0.00015787109 -0.00073723629   0.0041866154  0.00013370344 -0.00015787109  0.00013370344  -0.0012793997
 -0.0012896148 -0.00066710291   3.611816e-05 -0.00066710291   0.0052194126 -0.00032177776   3.611816e-05 -0.00032177776  -0.0016461841
 -0.0014062473 -0.00045033322 -0.00013651307 -0.00045033322   0.0044784384 -6.0897556e-05 -0.00013651307 -6.0897556e-05  -0.0013016344
 -0.0016339669  -0.0003805346 -8.2134664e-05  -0.0003805346   0.0044370241 -0.00090230739 -8.2134664e-05 -0.00090230739 -0.00087862788
-0.00040495221 -0.00070213717  0.00032520647 -0.00070213717   0.0036145182 -4.2449874e-05  0.00032520647 -4.2449874e-05  -0.0010023358
-0.00075620216 -0.00062816891  0.00050960942 -0.00062816891   0.0036066669 -0.00020910011  0.00050960942 -0.00020910011 -0.00085353682
-0.00071304234 -0.00094975077 -3.5990914e-05 -0.00094975077   0.0032444785 -0.00043419793 -3.5990914e-05 -0.00043419793 -0.00064531723
-0.00039283324 -0.00086951677  0.00036363993 -0.00086951677    0.003284223  2.6060321e-05  0.00036363993  2.6060321e-05 -0.00090923595
 -0.0012048518 -0.00062036276  9.1637093e-05 -0.00062036276   0.0043153825  0.00060622456  9.1637093e-05  0.00060622456  -0.0011915212
 -0.0011494515 -0.00010849528  -1.430487e-05 -0.00010849528   0.0040630311  0.00033293167  -1.430487e-05  0.00033293167 -0.00086324489
 -0.0010047244 -0.00037200654 -0.00013763018 -0.00037200654   0.0042091871  0.00053465273 -0.00013763018  0.00053465273  -0.0012750674
 -0.0016707147 -0.00017742459 -8.8051442e-05 -0.00017742459   0.0049908321 -3.1801054e-05 -8.8051442e-05 -3.1801054e-05  -0.0012853615
 -0.0016091104 -0.00046074283   0.0001011629 -0.00046074283   0.0048345823 -2.0733436e-05   0.0001011629 -2.0733436e-05  -0.0013397396
  -0.001956019  0.00018730213  7.3822276e-05  0.00018730213   0.0052898532 -0.00012012851  7.3822276e-05 -0.00012012851  -0.0013870497
  -0.001756633 -0.00022829619  -9.441269e-05 -0.00022829619   0.0051352763  0.00014793405  -9.441269e-05  0.00014793405  -0.0013745867
 -0.0015903575  0.00016128513 -7.9538667e-05  0.00016128513   0.0049326454  2.6303178e-05 -7.9538667e-05  2.6303178e-05  -0.0013024822
 -0.0015812593  0.00043736842  4.3939479e-05  0.00043736842   0.0045884099 -1.9561796e-05  4.3939479e-05 -1.9561796e-05  -0.0011660425
 -0.0017368332 -3.8512947e-05 -9.3651604e-05 -3.8512947e-05   0.0050624675  1.4459135e-05 -9.3651604e-05  1.4459135e-05  -0.0012847595
 -0.0015171416  0.00053541064  8.1591572e-05  0.00053541064    0.004446727  0.00010852366  8.1591572e-05  0.00010852366   -0.001117936
-0.00072483396 -0.00026840127 -0.00010784385 -0.00026840127   0.0035042547  8.4218003e-06 -0.00010784385  8.4218003e-06 -0.00062086083
-0.00084870796 -0.00051938466 -0.00020326121 -0.00051938466   0.0035064945  0.00024851206 -0.00020326121  0.00024851206 -0.00078580158
 -0.0011428773 -0.00071998551  -3.322057e-05 -0.00071998551   0.0040004912 -0.00051682342  -3.322057e-05 -0.00051682342  -0.0010013725
 -0.0010255915 -0.00086167893  3.4399623e-05 -0.00086167893   0.0040207321 -0.00067814979  3.4399623e-05 -0.00067814979  -0.0010189795
-0.00095359862 -0.00014754098 -0.00023314716 -0.00014754098   0.0038585248 -0.00027004759 -0.00023314716 -0.00027004759 -0.00078739948
-0.00066722299  -0.0012997168   6.369382e-05  -0.0012997168   0.0040690809 -0.00016600498   6.369382e-05 -0.00016600498  -0.0012544557
 -0.0010714053 -0.00056822763 -1.3146829e-05 -0.00056822763   0.0043669214 -0.00019900935 -1.3146829e-05 -0.00019900935  -0.0010829792
-0.00079935284  -0.0016177811  3.8466567e-05  -0.0016177811   0.0041651614 -0.00027717556  3.8466567e-05 -0.00027717556  -0.0012531653
 -0.0011649612 -0.00084375113  0.00020211265 -0.00084375113   0.0042572046 -0.00011883247  0.00020211265 -0.00011883247  -0.0010697835
 -0.0012235224 -0.00092193228  0.00010162299 -0.00092193228   0.0048723108 -0.00052421395  0.00010162299 -0.00052421395  -0.0013657573
-0.00049094513 -0.00082412344  0.00035876517 -0.00082412344   0.0038253867 -0.00027300703  0.00035876517 -0.00027300703 -0.00084759959
 -0.0010660866 -0.00067552334 -5.6471382e-05 -0.00067552334   0.0041228623 -0.00028799395 -5.6471382e-05 -0.00028799395  -0.0010195558
-0.00075972867 -0.00075957366  0.00013589641 -0.00075957366   0.0040004887 -0.00035324895  0.00013589641 -0.00035324895    -0.00108388
-0.00057285835 -0.00086542511  0.00050179864 -0.00086542511   0.0034223556   9.272116e-05  0.00050179864   9.272116e-05  -0.0011146446
-0.00052020686  -0.0012952741  0.00029851554  -0.0012952741   0.0040099724 -0.00051420325  0.00029851554 -0.00051420325  -0.0010347197
-0.00041828871 -0.00067193806  0.00022492094 -0.00067193806     0.00352766  0.00018333201  0.00022492094  0.00018333201  -0.0010814572
-0.00089294049 -0.00085661908  6.2814747e-05 -0.00085661908   0.0039211626  -0.0003901894  6.2814747e-05  -0.0003901894  -0.0011413925
-0.00089098256 -0.00055281848 -0.00016436118 -0.00055281848   0.0040870033 -0.00046017496 -0.00016436118 -0.00046017496   -0.001044834
  -0.001007582 -0.00054455699 -0.00023158314 -0.00054455699   0.0036184599  -4.924771e-05 -0.00023158314  -4.924771e-05 -0.00080874574
 -0.0011807041  -0.0006141127 -0.00017708507  -0.0006141127   0.0036702742 -0.00026947455 -0.00017708507 -0.00026947455 -0.00072540891
-0.00040685693  -0.0014248943 -1.8449742e-05  -0.0014248943   0.0035265553 -0.00010181721 -1.8449742e-05 -0.00010181721  -0.0010155632
 -0.0016326429 -0.00078208928  6.6922806e-05 -0.00078208928   0.0048298243 -0.00013456489  6.6922806e-05 -0.00013456489  -0.0011191285
-0.00079731291  -0.0010773863  3.5481213e-05  -0.0010773863   0.0041330097 -2.8003908e-05  3.5481213e-05 -2.8003908e-05  -0.0012167019
 -0.0013430011 -0.00092624517 -0.00018924383 -0.00092624517   0.0040759814  0.00028105208 -0.00018924383  0.00028105208  -0.0011642571
 -0.0013253425 -0.00056842012  1.6134699e-05 -0.00056842012   0.0038437013 -0.00056580733  1.6134699e-05 -0.00056580733 -0.00036322674
 -0.0013132671 -0.00075249112  2.2183755e-05 -0.00075249112   0.0038820235 -4.9112887e-05  2.2183755e-05 -4.9112887e-05  -0.0010941979
-0.00095501102 -0.00078114584 -5.4091645e-07 -0.00078114584   0.0040383726  0.00022863625 -5.4091645e-07  0.00022863625  -0.0011446601
 -0.0011759655 -0.00053635031 -9.3677796e-05 -0.00053635031   0.0037412505  0.00013324001 -9.3677796e-05  0.00013324001 -0.00091567863
 -0.0015596457  6.2565631e-05  0.00019478494  6.2565631e-05   0.0044774397  4.2773042e-05  0.00019478494  4.2773042e-05  -0.0011919687
 -0.0013809665 -9.0042089e-05  0.00022772018 -9.0042089e-05    0.004664816  0.00023309614  0.00022772018  0.00023309614  -0.0013764164
-0.00089240413 -0.00083898293 -0.00011168178 -0.00083898293   0.0042404779  6.4690777e-05 -0.00011168178  6.4690777e-05 -0.00099288123
 -0.0009622907 -0.00094551672 -0.00018616025 -0.00094551672   0.0041243777  0.00016703272 -0.00018616025  0.00016703272 -0.00097007805
-0.00095336476  -0.0010267743  -0.0005576031  -0.0010267743    0.004201553   0.0001890195  -0.0005576031   0.0001890195  -0.0010745527
 -0.0010678388 -0.00035134678 -0.00017162146 -0.00035134678   0.0034478039 -8.9978632e-05 -0.00017162146 -8.9978632e-05 -0.00066479594
-0.00071043893 -0.00055945843 -0.00040124821 -0.00055945843   0.0038558176 -0.00021819827 -0.00040124821 -0.00021819827 -0.00085758122
  -0.001393473  0.00033792082 -0.00013396997  0.00033792082    0.004777699 -0.00020128385 -0.00013396997 -0.00020128385  -0.0012944651
 -0.0014736602 -9.5240127e-05 -0.00014814869 -9.5240127e-05   0.0049569893 -0.00034877259 -0.00014814869 -0.00034877259  -0.0014318475
 -0.0015333177 -0.00040639066 -0.00014646749 -0.00040639066   0.0048719927  0.00017713062 -0.00014646749  0.00017713062  -0.0013191313
 -0.0016774841 -0.00054962575  7.1250858e-05 -0.00054962575   0.0048222407  0.00012563325  7.1250858e-05  0.00012563325   -0.001433991
 -0.0013845747  -0.0002922855 -8.4478144e-05  -0.0002922855   0.0050773506  0.00018103364 -8.4478144e-05  0.00018103364  -0.0014520618
 -0.0015330252 -0.00055179603  -8.286336e-05 -0.00055179603   0.0048507563 -0.00013534052  -8.286336e-05 -0.00013534052  -0.0013030646
 -0.0012816905 -0.00015978776 -0.00018232272 -0.00015978776   0.0047925809  3.0391118e-05 -0.00018232272  3.0391118e-05  -0.0014404795
 -0.0016366821  2.1476946e-05  2.7533421e-05  2.1476946e-05   0.0045484311 -5.2483246e-05  2.7533421e-05 -5.2483246e-05  -0.0011890004
 -0.0013421131  -0.0003201224  4.9488222e-05  -0.0003201224   0.0047694757 -0.00037927594  4.9488222e-05 -0.00037927594  -0.0015858239
  -0.001291661 -0.00035745121  2.3437576e-05 -0.00035745121   0.0048011381 -0.00021902164  2.3437576e-05 -0.00021902164  -0.0014026714
 -0.0021287578  0.00017628183 -6.9381511e-05  0.00017628183   0.0050653446  0.00014338441 -6.9381511e-05  0.00014338441  -0.0010404716
 -0.0017871403 -3.7122169e-05 -5.0352592e-06 -3.7122169e-05   0.0048962409 -8.0956287e-06 -5.0352592e-06 -8.0956287e-06  -0.0014236687
 -0.0014723151  -0.0002699095 -7.6526969e-05  -0.0002699095   0.0046710558 -0.00044718659 -7.6526969e-05 -0.00044718659  -0.0011921575
 -0.0012536736 -0.00069559784 -2.3441225e-05 -0.00069559784   0.0047084865 -6.7458109e-05 -2.3441225e-05 -6.7458109e-05  -0.0014324454
 -0.0015407985  5.5652197e-06 -0.00014672957  5.5652197e-06   0.0050919732  0.00016396073 -0.00014672957  0.00016396073  -0.0015066452
 -0.0014490106 -0.00019254495   6.310573e-05 -0.00019254495   0.0044512732 -0.00064535775   6.310573e-05 -0.00064535775  -0.0011652158
 -0.0013326344  -0.0003373644 -0.00010710877  -0.0003373644   0.0043620177  0.00047347617 -0.00010710877  0.00047347617  -0.0009481905
-0.00086261607  -0.0013411217  6.4549122e-05  -0.0013411217   0.0044089616  0.00020190427  6.4549122e-05  0.00020190427  -0.0013520721
 -0.0014491267 -0.00037247961  4.7303304e-05 -0.00037247961   0.0049836265 -0.00016548221  4.7303304e-05 -0.00016548221  -0.0013208716
 -0.0015753158 -0.00039872301  -8.873298e-05 -0.00039872301   0.0049069293 -0.00012397537  -8.873298e-05 -0.00012397537   -0.001337811
 -0.0011195363  3.6867148e-05 -1.6556889e-05  3.6867148e-05   0.0033742697   0.0006000022 -1.6556889e-05   0.0006000022 -0.00036928926
 -0.0010893568 -0.00039694546 -2.6290145e-05 -0.00039694546   0.0038505456  0.00067727364 -2.6290145e-05  0.00067727364 -0.00071775162
-0.00058974194 -0.00069939193 -1.5825339e-05 -0.00069939193   0.0034610848  6.9038181e-05 -1.5825339e-05  6.9038181e-05  -0.0010884309
-0.00046441923  -0.0012753372  3.1983992e-07  -0.0012753372   0.0040577937  0.00010311172  3.1983992e-07  0.00010311172  -0.0011877344
-0.00080824024 -0.00052729438 -5.6814861e-05 -0.00052729438   0.0035370693  0.00055789303 -5.6814861e-05  0.00055789303 -0.00079729628
-0.00075815176 -0.00081697491 -0.00012485954 -0.00081697491   0.0042034153  0.00043500439 -0.00012485954  0.00043500439  -0.0012524046
-0.00096064613 -2.2001114e-05 -0.00028005664 -2.2001114e-05   0.0038647581  0.00029431002 -0.00028005664  0.00029431002  -0.0005288207
-0.00082749955 -0.00097557315 -0.00035394646 -0.00097557315   0.0040015489  0.00012669177 -0.00035394646  0.00012669177 -0.00094852493
  -0.001142148  -0.0008493603  0.00012190182  -0.0008493603   0.0038048924  0.00031352717  0.00012190182  0.00031352717 -0.00083902054
-0.00082847015 -0.00062580338 -2.1532944e-06 -0.00062580338   0.0045718912  5.8571295e-06 -2.1532944e-06  5.8571295e-06  -0.0011968766
-0.00068853036  -0.0010266715 -0.00037207953  -0.0010266715   0.0036903125  0.00010431513 -0.00037207953  0.00010431513 -0.00089640432
 7.1628564e-05 -0.00069977659 -0.00016913779 -0.00069977659    0.003298575  0.00011739845 -0.00016913779  0.00011739845 -0.00091831148
-0.00093083064 -0.00084979559 -0.00033328878 -0.00084979559   0.0041432546  0.00039631324 -0.00033328878  0.00039631324  -0.0010014164
-0.00059349963 -0.00079566119  4.1527994e-05 -0.00079566119   0.0038747186  0.00031326362  4.1527994e-05  0.00031326362  -0.0012170617
 -0.0010260785 -0.00069831365 -0.00011927357 -0.00069831365   0.0043368236  0.00035427862 -0.00011927357  0.00035427862  -0.0011257763
-0.00065574539  -0.0004863973 -0.00011529426  -0.0004863973   0.0037475618  0.00031699234 -0.00011529426  0.00031699234 -0.00092585286
-0.00072359085 -0.00083508763 -2.5105913e-05 -0.00083508763   0.0035026695  1.2774466e-05 -2.5105913e-05  1.2774466e-05 -0.00082291032
-0.00048197225   -0.001006685  0.00017611692   -0.001006685   0.0035089461  0.00022069707  0.00017611692  0.00022069707  -0.0011175091
 -0.0008489568 -0.00051344537  0.00016525722 -0.00051344537   0.0037633759  0.00065721102  0.00016525722  0.00065721102  -0.0010516477
-0.00086760119 -0.00074560831 -0.00010314129 -0.00074560831   0.0042301339  0.00036372821 -0.00010314129  0.00036372821  -0.0011608811
 -0.0012130165 -0.00057022066 -0.00021139061 -0.00057022066   0.0044711139  0.00049772234 -0.00021139061  0.00049772234 -0.00087293124
 -0.0010315251 -0.00060737089  0.00021530292 -0.00060737089   0.0039133352 -0.00019986065  0.00021530292 -0.00019986065 -0.00087880511
-0.00095768459 -0.00086645892  1.3109473e-05 -0.00086645892   0.0036593809  0.00036078082  1.3109473e-05  0.00036078082 -0.00082784068
 -0.0012705439 -0.00043763817   2.742615e-05 -0.00043763817   0.0037382979  0.00060853811   2.742615e-05  0.00060853811 -0.00072451336
-0.00085902645 -0.00070209301  0.00017127941 -0.00070209301   0.0036383629  0.00041867792  0.00017127941  0.00041867792 -0.00081896584
 -0.0015216516 -0.00022288309 -0.00014282836 -0.00022288309   0.0044833194   -4.03508e-05 -0.00014282836   -4.03508e-05  -0.0013252272
 -0.0014134803 -0.00047183194 -4.6991404e-05 -0.00047183194   0.0051553382  0.00033533772 -4.6991404e-05  0.00033533772  -0.0015542473
 -0.0014014512 -0.00030198012 -0.00032272828 -0.00030198012   0.0043346371  0.00011034244 -0.00032272828  0.00011034244 -0.00088066353
 -0.0016914347 -0.00037733652 -0.00017383861 -0.00037733652   0.0048379793 -0.00010094798 -0.00017383861 -0.00010094798  -0.0013027097
 -0.0014061214  1.8836285e-06  9.6684548e-05  1.8836285e-06   0.0043912298 -0.00021261865  9.6684548e-05 -0.00021261865 -0.00094342253
 -0.0014980387   0.0002262573  0.00022366586   0.0002262573   0.0044009394  0.00032678217  0.00022366586  0.00032678217  -0.0011183556
 -0.0014079159 -0.00028629519  0.00020205161 -0.00028629519   0.0049238564  0.00019118632  0.00020205161  0.00019118632  -0.0015938781
 -0.0013180371 -0.00048799743  0.00010166926 -0.00048799743   0.0046973628  7.8549783e-05  0.00010166926  7.8549783e-05   -0.001350732
  -0.001562018 -0.00050997531  3.2585853e-05 -0.00050997531   0.0044805438  0.00036557923  3.2585853e-05  0.00036557923  -0.0012003168
  -0.001601544 -0.00031127363  2.0808457e-05 -0.00031127363   0.0046212806  0.00060494818  2.0808457e-05  0.00060494818  -0.0011930378
 -0.0015650841 -0.00035090991 -0.00013901144 -0.00035090991   0.0045543623  0.00022985087 -0.00013901144  0.00022985087  -0.0010463458
 -0.0014894586  3.5233639e-05 -1.8664818e-05  3.5233639e-05   0.0046998674  4.3479698e-05 -1.8664818e-05  4.3479698e-05   -0.001119346
 -0.0011586866 -0.00054190298  0.00034534297 -0.00054190298   0.0045254512  9.6085902e-05  0.00034534297  9.6085902e-05  -0.0012347834
 -0.0016123646  -0.0005622871 -6.2624392e-05  -0.0005622871   0.0049703836  0.00071889802 -6.2624392e-05  0.00071889802  -0.0012293394
 -0.0012166437 -0.00090525872 -2.0250915e-05 -0.00090525872   0.0046150558  0.00036234186 -2.0250915e-05  0.00036234186  -0.0012458147
 -0.0015205906 -0.00029310566 -6.8141211e-05 -0.00029310566    0.004771035  0.00071748337 -6.8141211e-05  0.00071748337  -0.0015102421
 -0.0014678493 -0.00020564132   5.792451e-05 -0.00020564132   0.0049016882  0.00029394998   5.792451e-05  0.00029394998  -0.0012832499
 -0.0013204448 -0.00063047416  4.3375857e-05 -0.00063047416   0.0048963482 -3.1822898e-05  4.3375857e-05 -3.1822898e-05  -0.0014989067
 -0.0015445239  -0.0005870572 -1.3892814e-05  -0.0005870572   0.0047257086  0.00021624546 -1.3892814e-05  0.00021624546  -0.0011115743
 -0.0014024978 -0.00067607477  1.3764111e-05 -0.00067607477   0.0050998381   0.0001562558  1.3764111e-05   0.0001562558  -0.0012968664
 -0.0013521826 -0.00046726577   7.049104e-05 -0.00046726577   0.0044691213  1.2926927e-05   7.049104e-05  1.2926927e-05  -0.0011338144
  -0.001090379 -0.00054988444 -4.3182078e-05 -0.00054988444   0.0036702499  0.00029995312 -4.3182078e-05  0.00029995312 -0.00096808398
-0.00091224485 -0.00059512539 -0.00011815991 -0.00059512539    0.004219025  0.00027660014 -0.00011815991  0.00027660014  -0.0011762311
-0.00072030344 -0.00041695647 -0.00029508591 -0.00041695647   0.0036693523  0.00043274372 -0.00029508591  0.00043274372 -0.00088498511
-0.00074333754 -0.00072102788 -0.00017221442 -0.00072102788   0.0039779911  0.00023199566 -0.00017221442  0.00023199566 -0.00093976604
 -0.0012377019 -0.00055361623 -3.2052606e-05 -0.00055361623   0.0040934146  0.00044390445 -3.2052606e-05  0.00044390445 -0.00089803536
 -0.0010881435 -0.00056811559 -5.1854919e-05 -0.00056811559   0.0043484274  0.00046542337 -5.1854919e-05  0.00046542337   -0.000827499
 -0.0012682406 -0.00013675744  0.00025163143 -0.00013675744   0.0043273195  0.00037650821  0.00025163143  0.00037650821  -0.0010729378
 -0.0010803352 -0.00052883055 -9.0673237e-05 -0.00052883055   0.0038756012  0.00021931639 -9.0673237e-05  0.00021931639 -0.00081923048
 -0.0010630842  -0.0013341651   0.0001011857  -0.0013341651    0.004322227  0.00015712895   0.0001011857  0.00015712895  -0.0012669239
-0.00061309897 -0.00041499561  0.00013091587 -0.00041499561   0.0037781847  0.00026671872  0.00013091587  0.00026671872  -0.0010166171
 -0.0012382013  -0.0010439448  4.5351385e-05  -0.0010439448   0.0044785051  7.3862239e-05  4.5351385e-05  7.3862239e-05  -0.0012318056
 -0.0012474425 -0.00034877459 -7.8690275e-05 -0.00034877459   0.0046603551  0.00032725825 -7.8690275e-05  0.00032725825  -0.0011646472
  -0.001066759 -0.00075146999  0.00014109388 -0.00075146999   0.0040772638  0.00069169842  0.00014109388  0.00069169842  -0.0011626663
 -0.0011301552 -0.00063605511 -8.9871804e-05 -0.00063605511   0.0048811045  0.00049543246 -8.9871804e-05  0.00049543246  -0.0014642394
 -0.0010109754  -0.0010379764 -5.2566001e-05  -0.0010379764   0.0046179812  0.00030088711 -5.2566001e-05  0.00030088711  -0.0012764397
 -0.0011686474  -0.0005664658  2.0551473e-05  -0.0005664658   0.0042477751  0.00011753415  2.0551473e-05  0.00011753415  -0.0010792434
 -0.0015298744 -0.00053674993  1.9184196e-05 -0.00053674993   0.0045465802  0.00079634203  1.9184196e-05  0.00079634203   -0.001077576
 -0.0015882561 -0.00025344058 -5.0117004e-05 -0.00025344058    0.004677973 -0.00014179803 -5.0117004e-05 -0.00014179803  -0.0013087145
 -0.0016055124 -0.00073919968  4.4444421e-05 -0.00073919968   0.0045839103   3.314262e-05  4.4444421e-05   3.314262e-05   -0.001346476
 -0.0015330875 -5.1249946e-05  0.00011651455 -5.1249946e-05   0.0050963142  0.00014531117  0.00011651455  0.00014531117  -0.0015242293
 -0.0014908329 -0.00048324865 -7.4092142e-05 -0.00048324865   0.0050814069  0.00014809632 -7.4092142e-05  0.00014809632  -0.0014173674
 -0.0012856574 -0.00038380087 -8.1009153e-06 -0.00038380087    0.004215704 -0.00010313796 -8.1009153e-06 -0.00010313796 -0.00078406974
 -0.0015706185 -0.00067634277  6.9239188e-06 -0.00067634277   0.0049596904  0.00012683582  6.9239188e-06  0.00012683582  -0.0012276039
 -0.0014806381  -0.0002934546 -4.1759989e-05  -0.0002934546    0.004880502  0.00016097222 -4.1759989e-05  0.00016097222  -0.0013738522
 -0.0014229204  -0.0010802263  0.00016947699  -0.0010802263   0.0051437809 -9.0412756e-06  0.00016947699 -9.0412756e-06   -0.001576785
 -0.0011174702 -0.00061908782  9.2258115e-05 -0.00061908782   0.0048376057  0.00023186057  9.2258115e-05  0.00023186057  -0.0015857745
 -0.0014576679 -0.00050594315  6.8022443e-05 -0.00050594315   0.0048936889 -0.00013035824  6.8022443e-05 -0.00013035824  -0.0013408344
 -0.0018402226 -0.00034285139  1.5158658e-05 -0.00034285139   0.0049038779   0.0003577075  1.5158658e-05   0.0003577075  -0.0011255297
 -0.0011265643 -0.00075491528  0.00013457362 -0.00075491528   0.0046423092  2.4315239e-05  0.00013457362  2.4315239e-05  -0.0014550885
 -0.0015581138 -0.00046959058  1.3131754e-05 -0.00046959058   0.0051451299  6.1910507e-05  1.3131754e-05  6.1910507e-05  -0.0013432634
 -0.0015137343 -0.00031192779   7.083609e-05 -0.00031192779   0.0050376021 -0.00010372463   7.083609e-05 -0.00010372463  -0.0015255185
 -0.0013130239 -0.00039368738  0.00015770176 -0.00039368738   0.0047901027   1.119005e-05  0.00015770176   1.119005e-05  -0.0015793164
 -0.0014309539 -0.00059145497  0.00022869451 -0.00059145497   0.0048324348 -2.9030178e-06  0.00022869451 -2.9030178e-06  -0.0014348341
 -0.0016623113 -0.00037630178  0.00012788875 -0.00037630178   0.0046396625  0.00032674201  0.00012788875  0.00032674201  -0.0013174959
 -0.0012854694 -0.00013735603    -0.00018785 -0.00013735603   0.0047541943  9.8515052e-05    -0.00018785  9.8515052e-05  -0.0013506742
 -0.0010871463   -0.000814679  0.00024124173   -0.000814679   0.0048315529  0.00015073985  0.00024124173  0.00015073985  -0.0015696103
-0.00087648285 -0.00069848086  0.00017319066 -0.00069848086   0.0044762952  0.00027698385  0.00017319066  0.00027698385  -0.0015900321
 -0.0015273743 -0.00041413259 -4.9648307e-05 -0.00041413259   0.0045663313 -0.00022172842 -4.9648307e-05 -0.00022172842  -0.0010272511
 -0.0014489271 -0.00041861534  8.1489939e-05 -0.00041861534   0.0047992062 -0.00013855815  8.1489939e-05 -0.00013855815  -0.0013648084
 -0.0012316597 -0.00074361289  7.2319955e-05 -0.00074361289    0.004775355 -3.6867388e-05  7.2319955e-05 -3.6867388e-05  -0.0015229602
 -0.0010217836 -0.00042506784 -5.0095254e-05 -0.00042506784   0.0032357663   0.0002526144 -5.0095254e-05   0.0002526144 -0.00067332634
 -0.0011485289 -0.00036646661 -0.00013751561 -0.00036646661   0.0042365823  0.00067271272 -0.00013751561  0.00067271272 -0.00088797987
 -0.0016588732 -0.00023729094  5.5832871e-05 -0.00023729094   0.0052867453  0.00010812609  5.5832871e-05  0.00010812609  -0.0015404846
 -0.0016283308 -0.00060931934  -0.0001896402 -0.00060931934    0.005012433  5.1904678e-05  -0.0001896402  5.1904678e-05   -0.001336469
 -0.0013956732 -0.00040636953  0.00011112298 -0.00040636953   0.0044928492  2.8385992e-06  0.00011112298  2.8385992e-06  -0.0014179135
 -0.0013004074 -0.00063936237  0.00024192642 -0.00063936237   0.0044388251  7.2725116e-05  0.00024192642  7.2725116e-05  -0.0010889632
 -0.0013006751 -0.00090369861  0.00015419576 -0.00090369861   0.0046380224 -5.0063224e-05  0.00015419576 -5.0063224e-05  -0.0012520012
 -0.0013380588 -0.00022712798  0.00025737803 -0.00022712798   0.0042770119  0.00032916778  0.00025737803  0.00032916778   -0.001359557
 -0.0014162198   -0.000324103 -1.8868637e-05   -0.000324103   0.0051613599 -0.00029749147 -1.8868637e-05 -0.00029749147  -0.0015589439
 -0.0010523793 -0.00023870406  0.00013452156 -0.00023870406    0.004211166  0.00048636343  0.00013452156  0.00048636343  -0.0011891371
 -0.0017128689 -0.00018622166 -7.4819049e-05 -0.00018622166   0.0048287969  0.00019682654 -7.4819049e-05  0.00019682654  -0.0013584437
 -0.0014132499 -0.00026552604 -0.00010122349 -0.00026552604   0.0046792964  0.00020958236 -0.00010122349  0.00020958236  -0.0013566728
 -0.0013123175 -0.00047817013  4.7858797e-05 -0.00047817013   0.0046909603  0.00019229639  4.7858797e-05  0.00019229639  -0.0012761276
 -0.0013318251 -0.00039812013 -0.00018281361 -0.00039812013   0.0047784978   -0.000445962 -0.00018281361   -0.000445962  -0.0014752791
 -0.0014765819 -0.00040546967 -0.00024044301 -0.00040546967   0.0049463942 -0.00025100488 -0.00024044301 -0.00025100488  -0.0015036866
 -0.0012783915  -0.0003719113 -0.00023577904  -0.0003719113   0.0048253497 -0.00010182992 -0.00023577904 -0.00010182992  -0.0012766762
 -0.0016661738 -0.00046490129 -0.00016404008 -0.00046490129   0.0051614862 -0.00027849458 -0.00016404008 -0.00027849458  -0.0012278649
  -0.001471377 -0.00033838271 -0.00012704338 -0.00033838271   0.0046643386 -0.00025416116 -0.00012704338 -0.00025416116  -0.0013100854
 -0.0011603265 -0.00036208287  2.0043652e-05 -0.00036208287   0.0041416754 -0.00049550757  2.0043652e-05 -0.00049550757  -0.0011634563
 -0.0014591719 -0.00044984654 -0.00030848983 -0.00044984654   0.0043403033 -0.00030654919 -0.00030848983 -0.00030654919  -0.0010528793
 -0.0014154746 -0.00053269207  -0.0001334119 -0.00053269207   0.0049578683  1.9521351e-05  -0.0001334119  1.9521351e-05  -0.0013676738
 -0.0013974652 -0.00045742038 -0.00018477131 -0.00045742038   0.0048303717 -0.00029560391 -0.00018477131 -0.00029560391  -0.0011943914
 -0.0015335005 -0.00058650166 -0.00012483754 -0.00058650166   0.0049795195   -0.000704556 -0.00012483754   -0.000704556  -0.0013028097
 -0.0011894193 -9.4123511e-05 -5.2657946e-05 -9.4123511e-05   0.0041668378 -0.00046138774 -5.2657946e-05 -0.00046138774   -0.001318291
-0.00089233841 -0.00039445569 -0.00044539267 -0.00039445569    0.004005878 -0.00054585182 -0.00044539267 -0.00054585182  -0.0013297137
 -0.0016003735 -0.00043235621 -6.7054971e-06 -0.00043235621   0.0052963193 -0.00068490093 -6.7054971e-06 -0.00068490093  -0.0014732521
 -0.0013046623  -0.0004846182  -6.498493e-05  -0.0004846182   0.0045998565  -0.0006442246  -6.498493e-05  -0.0006442246   -0.001341102
 -0.0011705567 -0.00024010759 -0.00024003719 -0.00024010759   0.0043499048  -0.0002547187 -0.00024003719  -0.0002547187  -0.0011904195
 -0.0015005233 -0.00016015879  5.9854929e-05 -0.00016015879   0.0048494019   -0.000418956  5.9854929e-05   -0.000418956  -0.0010404955
   -0.00148512 -0.00029212179 -0.00023047677 -0.00029212179   0.0050472988 -4.2473749e-05 -0.00023047677 -4.2473749e-05  -0.0012302567
 -0.0017195291 -0.00015835716 -9.8392212e-05 -0.00015835716   0.0043463766 -7.8305084e-05 -9.8392212e-05 -7.8305084e-05 -0.00058649225
 -0.0012174953 -0.00059249544 -6.3477368e-05 -0.00059249544   0.0038195865 -0.00014294155 -6.3477368e-05 -0.00014294155  -0.0012080289
 -0.0012887424 -0.00057843843 -2.6575914e-05 -0.00057843843   0.0042434152  0.00018776107 -2.6575914e-05  0.00018776107   -0.001006604
 -0.0014155978 -0.00041220323 -0.00014391153 -0.00041220323   0.0044923882 -5.2378228e-05 -0.00014391153 -5.2378228e-05  -0.0012760563
 -0.0011838262 -0.00077627181  -8.811482e-05 -0.00077627181   0.0045261833  0.00013130599  -8.811482e-05  0.00013130599  -0.0012421831
 -0.0011021199 -0.00087787999 -0.00015985901 -0.00087787999   0.0043332573  0.00013857059 -0.00015985901  0.00013857059   -0.001327806
  -0.001122385 -0.00031784018 -0.00027414926 -0.00031784018   0.0042482198 -7.8242572e-05 -0.00027414926 -7.8242572e-05  -0.0011841581
 -0.0010989527  -0.0003917687 -0.00012902079  -0.0003917687   0.0037662084 -0.00016509696 -0.00012902079 -0.00016509696  -0.0010529892
-0.00099631184  -0.0010470439 -0.00010311538  -0.0010470439   0.0046548976 -0.00019807197 -0.00010311538 -0.00019807197  -0.0015007893
 -0.0012662369 -5.6350811e-05 -8.5624593e-05 -5.6350811e-05   0.0037004072 -0.00026660669 -8.5624593e-05 -0.00026660669 -0.00082681144
 -0.0015293194 -0.00064995347 -0.00044934619 -0.00064995347    0.004609026   4.202101e-06 -0.00044934619   4.202101e-06  -0.0010221112
 -0.0013787281 -0.00034998825  2.2505766e-05 -0.00034998825   0.0044312399 -6.0481752e-05  2.2505766e-05 -6.0481752e-05  -0.0012441857
 -0.0010709785 -0.00099373772  6.4333484e-05 -0.00099373772   0.0046393954 -0.00011633195  6.4333484e-05 -0.00011633195  -0.0014699468
 -0.0015565456 -0.00025346375  0.00012470141 -0.00025346375   0.0042118077 -0.00036432829  0.00012470141 -0.00036432829 -0.00056208302
 -0.0011948091 -0.00097617768 -0.00014654495 -0.00097617768   0.0042575519  7.3821748e-07 -0.00014654495  7.3821748e-07  -0.0010490184
-0.00052538054 -0.00053632666 -7.4111226e-05 -0.00053632666   0.0033353278  0.00034982012 -7.4111226e-05  0.00034982012  -0.0010632522
 -0.0012958144 -0.00093345964 -2.2086166e-05 -0.00093345964   0.0043068582  0.00017834902 -2.2086166e-05  0.00017834902  -0.0012272975
 -0.0014971468 -0.00033428632   -3.50403e-05 -0.00033428632    0.004650874  0.00018214522   -3.50403e-05  0.00018214522  -0.0012131147
-0.00080004357  -0.0011143414  0.00017701169  -0.0011143414   0.0043385133 -0.00056051149  0.00017701169 -0.00056051149  -0.0013681008
 -0.0017725958 -0.00022816407 -5.9539173e-06 -0.00022816407    0.005710511 -1.1620778e-05 -5.9539173e-06 -1.1620778e-05   -0.001493196
 -0.0014423572 -0.00070376966  0.00016760327 -0.00070376966   0.0046368249  0.00023227871  0.00016760327  0.00023227871  -0.0011999863
 -0.0015638947 -0.00061022742 -0.00023698004 -0.00061022742   0.0042381107  0.00026800221 -0.00023698004  0.00026800221  -0.0012083154
   -0.00158613 -0.00023245603 -0.00013322432 -0.00023245603   0.0049201494  0.00014850037 -0.00013322432  0.00014850037  -0.0010628719
  -0.001481505 -0.00043427078 -0.00024645717 -0.00043427078   0.0044265222 -0.00021588891 -0.00024645717 -0.00021588891  -0.0010602756
-0.00095295711 -0.00022800416  -0.0003190543 -0.00022800416   0.0042436068  -0.0001903706  -0.0003190543  -0.0001903706  -0.0011617297
 -0.0015974638  7.1970233e-05  0.00021353573  7.1970233e-05   0.0048763009 -7.1044223e-05  0.00021353573 -7.1044223e-05  -0.0011779306
-0.00059872513  0.00049537478 -0.00013107089  0.00049537478   0.0035720238  0.00049575428 -0.00013107089  0.00049575428 -0.00085183058
 -0.0014830673  -0.0007684345 -0.00013817196  -0.0007684345   0.0049925089 -0.00042747217 -0.00013817196 -0.00042747217  -0.0013488323
 -0.0017137722 -0.00031462909 -7.7903658e-05 -0.00031462909   0.0052269499 -0.00036386356 -7.7903658e-05 -0.00036386356  -0.0013530201
 -0.0011346878  -0.0008750277 -9.4601751e-05  -0.0008750277   0.0040892575  0.00019862303 -9.4601751e-05  0.00019862303  -0.0010748047
 -0.0013290716  0.00056257858 -0.00017110725  0.00056257858   0.0043939641 -0.00028198809 -0.00017110725 -0.00028198809 -0.00090926453
-0.00028349652 -0.00032680308  -0.0001497329 -0.00032680308    0.002825833 -0.00084337547  -0.0001497329 -0.00084337547 -0.00069721033
-0.00042767908 -0.00020634266  5.9844702e-06 -0.00020634266   0.0026495365 -0.00029392379  5.9844702e-06 -0.00029392379 -0.00040188839
-0.00040489818 -0.00043213905 -4.9280639e-05 -0.00043213905    0.002917004 -0.00029263467 -4.9280639e-05 -0.00029263467 -0.00042364708
-0.00054077674  0.00017498053  3.1846896e-05  0.00017498053   0.0030285114 -0.00098432472  3.1846896e-05 -0.00098432472 -0.00062525104
-0.00042975422  0.00013506775  5.5995079e-05  0.00013506775   0.0029943328  -0.0010152362  5.5995079e-05  -0.0010152362 -0.00066382804
-0.00038879894  0.00037560225  9.2894585e-05  0.00037560225    0.002586033 -0.00045019944  9.2894585e-05 -0.00045019944 -0.00055917752
-0.00023570469  0.00044863294  2.7103365e-05  0.00044863294   0.0021444931 -0.00064437779  2.7103365e-05 -0.00064437779 -0.00056916552
-0.00038663903  0.00028021323  0.00017283609  0.00028021323   0.0029488653 -0.00058472329  0.00017283609 -0.00058472329 -0.00067833953
-0.00065167387  0.00030448286  4.1470955e-05  0.00030448286   0.0028679642 -0.00029014664  4.1470955e-05 -0.00029014664 -0.00043466368
-0.00039121071  5.5241368e-05 -0.00010088923  5.5241368e-05   0.0030542469 -0.00022464353 -0.00010088923 -0.00022464353 -0.00065441578
-0.00037748078  3.3612139e-07 -7.1613809e-05  3.3612139e-07   0.0027881904 -0.00067955465 -7.1613809e-05 -0.00067955465 -0.00040490129
-0.00040920628  7.6727504e-05   6.750359e-05  7.6727504e-05   0.0028075357 -0.00054067744   6.750359e-05 -0.00054067744 -0.00053623958
-0.00072757379 -0.00064467359  0.00013129418 -0.00064467359   0.0034750271 -0.00042820659  0.00013129418 -0.00042820659 -0.00077988174
-0.00064580503  0.00013275611  -1.680653e-05  0.00013275611   0.0031014351 -3.6787971e-05  -1.680653e-05 -3.6787971e-05 -0.00051501775
-0.00077497944  0.00047836054  9.0448753e-05  0.00047836054   0.0037169645   0.0006357586  9.0448753e-05   0.0006357586  -0.0012684686
-0.00061229131  0.00049512423 -0.00011881263  0.00049512423   0.0037338501  0.00029728863 -0.00011881263  0.00029728863  -0.0014513172
  -0.001581897  0.00040675484  -0.0001258759  0.00040675484    0.004614352  0.00033649309  -0.0001258759  0.00033649309  -0.0013668924
 -0.0011780222  0.00050873685  -0.0001008668  0.00050873685    0.004641062  0.00016734898  -0.0001008668  0.00016734898  -0.0014364439
-0.00076091351   0.0011690677  -5.548305e-05   0.0011690677   0.0039883804  0.00042730191  -5.548305e-05  0.00042730191  -0.0012433112
 -0.0011428203  0.00057132025 -0.00017480306  0.00057132025    0.003869305   0.0010609109 -0.00017480306   0.0010609109   -0.001108561
-0.00074390868 -0.00011210563  2.2871505e-05 -0.00011210563   0.0036311576  0.00050816888  2.2871505e-05  0.00050816888 -0.00075677273
-0.00081482657 -5.1557524e-05 -7.4601412e-05 -5.1557524e-05   0.0038145593  0.00043018802 -7.4601412e-05  0.00043018802  -0.0006591406
-0.00080338965 -0.00029372812  4.9180472e-06 -0.00029372812   0.0036755539  0.00094536513  4.9180472e-06  0.00094536513 -0.00078212737
  -0.001235939   0.0003812577  1.5818188e-05   0.0003812577   0.0037827036   0.0008347155  1.5818188e-05   0.0008347155 -0.00075057708
-0.00067029696   0.0004305073 -0.00011869312   0.0004305073    0.003466401    0.000555857 -0.00011869312    0.000555857  -0.0011121315
-0.00069229316 -0.00011760385 -0.00013311062 -0.00011760385   0.0035229602  0.00057102673 -0.00013311062  0.00057102673 -0.00096848617
 -0.0014708529   0.0006259875 -0.00024404786   0.0006259875   0.0049980623  0.00032190004 -0.00024404786  0.00032190004  -0.0013863271
 -0.0013700783  0.00030213733 -0.00014169105  0.00030213733   0.0046853526  0.00036543566 -0.00014169105  0.00036543566  -0.0013585969
 -0.0013604289  0.00090984084  2.4417449e-06  0.00090984084   0.0048600323  0.00022825211  2.4417449e-06  0.00022825211  -0.0013745239
 -0.0015029786  0.00088826468  8.7055063e-05  0.00088826468    0.004433281  0.00052591762  8.7055063e-05  0.00052591762   -0.001212078
 -0.0016012135  0.00058274276 -7.8658367e-05  0.00058274276   0.0044667395  0.00043481311 -7.8658367e-05  0.00043481311  -0.0011207449
 -0.0012572362  0.00083215781  -4.598574e-05  0.00083215781   0.0044148036  0.00054086003  -4.598574e-05  0.00054086003   -0.001149198
-0.00081001564    0.001163591 -5.3703341e-05    0.001163591   0.0030839583  0.00045882128 -5.3703341e-05  0.00045882128 -0.00075873314
 -0.0010879616   0.0007420445 -0.00010075108   0.0007420445   0.0036746501  9.0032624e-05 -0.00010075108  9.0032624e-05 -0.00068628459
-0.00083097167  0.00050771653 -6.5686537e-05  0.00050771653   0.0038382607  0.00013790616 -6.5686537e-05  0.00013790616 -0.00094205493
 -0.0010586641   0.0007661989 -2.3473351e-05   0.0007661989   0.0037875353  0.00028796353 -2.3473351e-05  0.00028796353 -0.00079628975
 -0.0011365135   0.0011195954 -5.3958047e-05   0.0011195954   0.0044674512  0.00062552619 -5.3958047e-05  0.00062552619   -0.001368387
 -0.0016607685  0.00054869154 -5.8236194e-05  0.00054869154   0.0045640845  0.00055622837 -5.8236194e-05  0.00055622837  -0.0011557836
 -0.0013805806   0.0007925632  0.00029479721   0.0007925632    0.003777657  0.00070674269  0.00029479721  0.00070674269  -0.0011961419
-0.00065699826  0.00082002915 -3.6013586e-05  0.00082002915   0.0036692211  0.00068029268 -3.6013586e-05  0.00068029268 -0.00099231694
-0.00063917406   0.0007840191 -0.00017641654   0.0007840191   0.0031236514  0.00063348231 -0.00017641654  0.00063348231 -0.00086322463
-0.00096733804  0.00058850094 -7.5613221e-05  0.00058850094   0.0035595214  0.00045744731 -7.5613221e-05  0.00045744731 -0.00081478017
-0.00063026154  0.00040239464 -4.6824354e-05  0.00040239464   0.0036596642  0.00062764971 -4.6824354e-05  0.00062764971  -0.0010294523
-0.00070163607  0.00095635442  2.9241624e-05  0.00095635442   0.0030520157  0.00046096802  2.9241624e-05  0.00046096802 -0.00090566282
 -0.0011787626  0.00049182112  0.00018232387  0.00049182112   0.0039835626  0.00059444976  0.00018232387  0.00059444976  -0.0010557253
 -0.0010844784  0.00041011414 -0.00013857151  0.00041011414   0.0040595517  0.00062509303 -0.00013857151  0.00062509303  -0.0010450485
-0.00092536126  0.00080545567   2.791911e-05  0.00080545567   0.0041319509  0.00063865944   2.791911e-05  0.00063865944   -0.001169764
 -0.0010892212   0.0010199986  0.00015987335   0.0010199986   0.0040197881  0.00065665597  0.00015987335  0.00065665597 -0.00098300228
 -0.0014073966  0.00081908508 -0.00014362079  0.00081908508   0.0040820458  0.00067722986 -0.00014362079  0.00067722986  -0.0012076352
 -0.0015234408  0.00057458926  0.00022554309  0.00057458926   0.0046188482  0.00082628379  0.00022554309  0.00082628379  -0.0015199382
-0.00069682647  0.00066670649  -0.0001440205  0.00066670649   0.0039184835  0.00036752308  -0.0001440205  0.00036752308  -0.0015032581
-0.00069848094  0.00079113886 -4.7522671e-05  0.00079113886   0.0027331226  0.00072947146 -4.7522671e-05  0.00072947146 -0.00065395497
-0.00080224957   0.0004915895  3.5012504e-05   0.0004915895   0.0033720767  0.00050617333  3.5012504e-05  0.00050617333  -0.0009788806
-0.00046081973   0.0003749688  0.00014647935   0.0003749688   0.0034109648  0.00056449578  0.00014647935  0.00056449578   -0.001038096
-0.00077829132  0.00035481065  0.00014802628  0.00035481065   0.0037158213  0.00052443975  0.00014802628  0.00052443975 -0.00074615805
 -0.0007473218  0.00026451429  0.00015901125  0.00026451429   0.0031805799   0.0006194379  0.00015901125   0.0006194379 -0.00069790859
 -0.0010489442  0.00042783837  -4.704237e-05  0.00042783837   0.0040237295  0.00066078292  -4.704237e-05  0.00066078292  -0.0010713374
-0.00078896473  0.00073200891 -3.2691637e-05  0.00073200891   0.0039459749  0.00043267792 -3.2691637e-05  0.00043267792  -0.0011476982
-0.00043824741  0.00065918686 -6.3684447e-05  0.00065918686   0.0030583333  0.00079908652 -6.3684447e-05  0.00079908652   -0.001053753
-0.00067553534  8.3457449e-05  4.3712057e-05  8.3457449e-05   0.0036348945  0.00056841076  4.3712057e-05  0.00056841076 -0.00098910816
 -0.0010486542  0.00071169848  7.5285681e-06  0.00071169848   0.0040553545   0.0005621193  7.5285681e-06   0.0005621193 -0.00076743739
 -0.0007902841   0.0012289579  -6.153436e-05   0.0012289579   0.0030543438  0.00063659444  -6.153436e-05  0.00063659444 -0.00072625487
 -0.0008269574  0.00080605614  0.00014585717  0.00080605614   0.0029882245  0.00059040658  0.00014585717  0.00059040658 -0.00051691892
-0.00078475731  0.00035586822 -0.00014946059  0.00035586822   0.0029873896  0.00035067878 -0.00014946059  0.00035067878 -0.00045932245
-0.00079152059  0.00052206115 -0.00027763456  0.00052206115   0.0037994247  0.00035932228 -0.00027763456  0.00035932228  -0.0010127382
-0.00089323345  0.00056170217 -4.7415907e-05  0.00056170217   0.0035306084  0.00037866618 -4.7415907e-05  0.00037866618 -0.00080607737
  -0.000786938  0.00018987184  9.7406822e-05  0.00018987184   0.0038177621  0.00051914281  9.7406822e-05  0.00051914281   -0.001168454
 -0.0012081809  0.00053855282 -0.00014079125  0.00053855282   0.0039835399  7.1421475e-05 -0.00014079125  7.1421475e-05  -0.0010496068
 -0.0012733524  0.00033830225 -0.00031131346  0.00033830225   0.0042711595  0.00049070287 -0.00031131346  0.00049070287  -0.0012047924
 -0.0014718872  0.00047522086 -8.0724611e-05  0.00047522086   0.0050490459   0.0002355896 -8.0724611e-05   0.0002355896    -0.00170049
 -0.0014602494  0.00056973717 -5.8304941e-05  0.00056973717    0.004860786  0.00015847475 -5.8304941e-05  0.00015847475  -0.0013568963
-0.00057295243  0.00037282125 -4.7334565e-05  0.00037282125   0.0028215773 -0.00014485935 -4.7334565e-05 -0.00014485935 -0.00030378522
 -0.0015399705 -0.00021058029  3.6684557e-06 -0.00021058029   0.0047972538  0.00020631523  3.6684557e-06  0.00020631523  -0.0013731107
  -0.001707202  8.2421401e-05  5.6992268e-05  8.2421401e-05   0.0051807314 -8.3565719e-05  5.6992268e-05 -8.3565719e-05  -0.0015508494
-0.00067950747   0.0009208814  9.0745301e-05   0.0009208814   0.0036117342  0.00046897374  9.0745301e-05  0.00046897374  -0.0010829152
 -0.0015444207  -0.0003249601  4.2243519e-05  -0.0003249601   0.0052837893 -0.00050141611  4.2243519e-05 -0.00050141611  -0.0014615499
-0.00063252465  9.8440011e-05 -1.5918929e-05  9.8440011e-05   0.0037498802 -0.00034463192 -1.5918929e-05 -0.00034463192 -0.00095867918
 -0.0012301676 -0.00036603389 -0.00018100801 -0.00036603389   0.0044222274 -0.00028893637 -0.00018100801 -0.00028893637   -0.001196524
 -0.0011387252  0.00088671519  0.00013783688  0.00088671519   0.0035206673  0.00044048956  0.00013783688  0.00044048956 -0.00073631523
 -0.0007313487 -0.00026219795  6.2496034e-05 -0.00026219795   0.0028702339 -0.00027901238  6.2496034e-05 -0.00027901238 -0.00057457816
-0.00067918932  0.00049443802  1.7110979e-05  0.00049443802   0.0032043879 -0.00021739071  1.7110979e-05 -0.00021739071 -0.00059669321
 -0.0015542172  -2.830555e-05 -3.6076351e-05  -2.830555e-05   0.0049592232 -0.00054030321 -3.6076351e-05 -0.00054030321  -0.0013299297
-0.00065412218  0.00073263107 -6.3499767e-05  0.00073263107   0.0034853779  0.00020768613 -6.3499767e-05  0.00020768613 -0.00081571966
 -0.0007865322  0.00094301668   2.798279e-05  0.00094301668   0.0034752586 -6.5144902e-05   2.798279e-05 -6.5144902e-05 -0.00097798864
-0.00087565846 -0.00031730457 -7.4306166e-05 -0.00031730457   0.0039247676 -0.00023477997 -7.4306166e-05 -0.00023477997 -0.00092699519
 -0.0006929597 -0.00048793646  0.00028568504 -0.00048793646   0.0032735345 -0.00016766817  0.00028568504 -0.00016766817 -0.00081524365
 -0.0015099071 -0.00012473232    0.000295091 -0.00012473232   0.0042312805  0.00049693251    0.000295091  0.00049693251  -0.0011960856
-0.00080843846  0.00020555868  0.00012642421  0.00020555868   0.0027954727 -0.00085816443  0.00012642421 -0.00085816443 -0.00030142741
-0.00068940851 -0.00035704766  4.6191904e-05 -0.00035704766   0.0032574715 -0.00028231314  4.6191904e-05 -0.00028231314 -0.00061648372
 -0.0010030238 -0.00013474836  1.6580819e-05 -0.00013474836   0.0039354889   0.0005035504  1.6580819e-05   0.0005035504 -0.00092389281
-0.00080415348  0.00060989752 -9.1128915e-05  0.00060989752   0.0040576315 -9.7719076e-05 -9.1128915e-05 -9.7719076e-05  -0.0012549026
 -0.0018057393    0.000304289  0.00015092831    0.000304289   0.0052569783   0.0003887317  0.00015092831   0.0003887317  -0.0012939416
 -0.0018104281  0.00059400768 -5.0135279e-05  0.00059400768   0.0053481661  2.1644693e-05 -5.0135279e-05  2.1644693e-05  -0.0013613131
 -0.0014988508 -0.00034071348  1.0984134e-05 -0.00034071348   0.0045725581  1.1205124e-06  1.0984134e-05  1.1205124e-06  -0.0011782608
-0.00081740747  0.00011684988 -7.3602655e-05  0.00011684988   0.0034635653  0.00080584976 -7.3602655e-05  0.00080584976 -0.00075644627
 -0.0018215731 -0.00019877067 -5.0791949e-06 -0.00019877067   0.0050753437  0.00053219396 -5.0791949e-06  0.00053219396  -0.0013193935
 -0.0014596203  0.00022148634 -0.00015781248  0.00022148634    0.004938984 -0.00019060783 -0.00015781248 -0.00019060783  -0.0013702955
-0.00030250111  0.00046852507  4.2373703e-06  0.00046852507   0.0030366864 -8.4660279e-05  4.2373703e-06 -8.4660279e-05 -0.00097977167
 -0.0010446315   -0.000450827 -0.00033078025   -0.000450827   0.0040794808 -0.00043273705 -0.00033078025 -0.00043273705 -0.00098547745
 -0.0012504782 -0.00079652332 -4.7044197e-05 -0.00079652332   0.0042854998  0.00020142105 -4.7044197e-05  0.00020142105  -0.0012335286
 -0.0010504683  0.00066559116 -0.00022470694  0.00066559116   0.0037371882 -1.4252881e-05 -0.00022470694 -1.4252881e-05 -0.00023883328
 -0.0010678917  0.00072076785  9.7625429e-05  0.00072076785   0.0041510221  0.00021049483  9.7625429e-05  0.00021049483   -0.001364143
 -0.0016287884  0.00018870031  3.2303025e-05  0.00018870031   0.0052920761 -0.00014973451  3.2303025e-05 -0.00014973451  -0.0015851692
 -0.0014239442  0.00092227223  5.6592204e-05  0.00092227223    0.004620745  0.00027681742  5.6592204e-05  0.00027681742  -0.0013967615
-0.00040997702   0.0002056486 -7.0426537e-05   0.0002056486   0.0038091984 -0.00028917957 -7.0426537e-05 -0.00028917957  -0.0010979364
-0.00030275547  -0.0005433005 -3.5443418e-07  -0.0005433005   0.0034268223 -0.00045890192 -3.5443418e-07 -0.00045890192 -0.00086980584
 -0.0010590081 -0.00053223832   0.0003550535 -0.00053223832   0.0041175509  0.00015381717   0.0003550535  0.00015381717  -0.0010392955
 -0.0014256438  0.00093662215 -0.00019563789  0.00093662215   0.0039762092  0.00045321506 -0.00019563789  0.00045321506  -0.0012496335
 -0.0015833832 -0.00050535186 -0.00013659025 -0.00050535186   0.0051320969 -3.1043134e-05 -0.00013659025 -3.1043134e-05  -0.0013807905
 -0.0010502588  8.5367452e-05  7.4653691e-05  8.5367452e-05   0.0035643282 -0.00085413723  7.4653691e-05 -0.00085413723  -0.0006413846
 -0.0013953817 -0.00049564395 -7.7431799e-05 -0.00049564395   0.0050759875 -5.3801154e-05 -7.7431799e-05 -5.3801154e-05  -0.0015112544
-0.00084989783  0.00087581902   0.0001134386  0.00087581902   0.0035058784  0.00065570642   0.0001134386  0.00065570642 -0.00082105239
-0.00053041127  -0.0011404392  7.5682555e-05  -0.0011404392   0.0032726028  -5.424507e-05  7.5682555e-05  -5.424507e-05 -0.00052302125
-0.00095207465 -0.00017737002 -4.9336038e-05 -0.00017737002     0.00429509 -0.00067510191 -4.9336038e-05 -0.00067510191  -0.0011422524
-0.00072050645  0.00057410693  0.00014854967  0.00057410693   0.0031896338  0.00038718803  0.00014854967  0.00038718803 -0.00079211287
 -0.0010850581 -0.00060043494  0.00015722265 -0.00060043494   0.0043839114  0.00013956565  0.00015722265  0.00013956565  -0.0010731628
-0.00048654994  0.00010527797  2.0650405e-05  0.00010527797   0.0032428052 -0.00088575874  2.0650405e-05 -0.00088575874  -0.0011897365
 -0.0011303007 -0.00052815734 -2.3778624e-05 -0.00052815734    0.003963515 -0.00044518235 -2.3778624e-05 -0.00044518235   -0.001093497
 -0.0017013405 -0.00031247079 -0.00012481294 -0.00031247079   0.0053938072 -7.2996255e-05 -0.00012481294 -7.2996255e-05  -0.0014739963
 -0.0013061012 -0.00034689966 -0.00015070612 -0.00034689966   0.0044984318 -0.00093422638 -0.00015070612 -0.00093422638  -0.0011361395
-0.00091757284 -0.00029267436  0.00011388163 -0.00029267436   0.0042026178  0.00050343659  0.00011388163  0.00050343659   -0.001211418
